0 256
0 257
0 619
0 402
0 979
0 262
0 876
0 10
0 11
0 12
0 13
0 142
0 16
0 18
0 19
0 532
0 238
0 22
0 153
0 24
0 25
0 538
0 27
0 28
0 541
0 287
0 32
0 289
0 35
0 292
0 42
0 300
0 46
0 49
0 836
0 53
0 185
0 671
0 62
0 441
0 66
0 395
0 324
0 198
0 839
0 194
0 524
0 74
0 203
0 204
0 333
0 337
0 867
0 87
0 473
0 90
0 465
0 991
0 721
0 350
0 95
0 144
0 610
0 99
0 612
0 231
0 874
0 235
0 492
0 237
0 110
0 239
0 112
0 370
0 403
0 377
0 635
0 686
1 299
1 390
1 844
1 364
1 10
1 11
1 12
1 962
1 14
1 15
1 16
1 785
1 18
1 19
1 23
1 24
1 27
1 285
1 30
1 287
1 32
1 624
1 675
1 36
1 37
1 40
1 809
1 682
1 43
1 302
1 47
1 48
1 969
1 51
1 182
1 55
1 56
1 784
1 443
1 266
1 447
1 279
1 620
1 578
1 68
1 198
1 353
1 200
1 268
1 479
1 717
1 335
1 568
1 339
1 212
1 213
1 804
1 548
1 346
1 94
1 165
1 225
1 610
1 827
1 535
1 101
1 454
1 108
1 877
1 239
1 515
1 296
1 467
1 116
1 629
1 119
1 121
1 972
1 893
1 638
2 10
3 516
3 10
3 11
3 12
3 13
3 14
3 15
3 16
3 17
3 18
3 19
3 20
3 22
3 24
3 28
3 29
3 30
3 31
3 32
3 33
3 34
3 35
3 37
3 44
3 46
3 560
3 856
3 52
3 56
3 57
3 60
3 523
3 70
3 77
3 81
3 83
3 88
3 90
3 606
3 96
3 106
3 109
3 110
3 111
3 112
3 113
3 115
3 628
3 118
3 123
3 125
3 126
3 130
3 643
3 135
3 139
3 140
3 141
3 148
3 156
3 162
3 625
3 691
3 542
3 697
3 186
3 187
3 188
3 190
3 718
3 211
3 215
3 736
3 239
3 240
3 241
3 251
3 259
3 772
3 267
3 269
3 272
3 277
3 278
3 282
3 286
3 799
3 800
3 293
3 811
3 301
3 306
3 819
3 564
3 315
3 907
3 842
3 331
3 336
3 344
3 862
3 356
3 357
3 368
3 887
3 558
3 385
3 898
3 900
3 395
3 915
3 916
3 415
3 430
3 947
3 979
3 479
3 994
3 484
3 593
4 520
4 521
4 10
4 11
4 12
4 13
4 14
4 15
4 16
4 19
4 21
4 22
4 23
4 24
4 30
4 31
4 33
4 35
4 38
4 40
4 41
4 42
4 44
4 557
4 47
4 48
4 50
4 56
4 57
4 58
4 59
4 61
4 66
4 72
4 80
4 81
4 82
4 602
4 94
4 100
4 102
4 106
4 531
4 118
4 119
4 122
4 637
4 128
4 135
4 138
4 140
4 654
4 536
4 147
4 148
4 150
4 155
4 157
4 166
4 169
4 682
4 172
4 181
4 188
4 545
4 202
4 208
4 211
4 733
4 222
4 736
4 738
4 235
4 751
4 241
4 755
4 248
4 259
4 264
4 268
4 791
4 801
4 294
4 300
4 326
4 333
4 334
4 341
4 343
4 915
4 357
4 871
4 573
4 370
4 371
4 376
4 380
4 396
4 403
4 922
4 753
4 584
4 436
4 440
4 957
4 459
4 463
4 479
4 503
4 505
5 10
5 11
5 12
5 13
5 17
5 147
5 21
5 22
5 928
5 161
5 290
5 806
5 551
5 942
5 176
5 818
5 181
5 438
5 956
5 189
5 63
5 224
5 962
5 395
5 196
5 840
5 330
5 717
5 397
5 721
5 342
5 729
5 219
5 96
5 228
5 744
5 618
5 364
5 451
5 111
5 625
5 243
5 500
5 117
5 247
5 248
5 889
5 447
5 382
6 520
6 10
6 11
6 12
6 13
6 14
6 15
6 16
6 17
6 18
6 20
6 21
6 23
6 24
6 25
6 26
6 540
6 29
6 31
6 37
6 40
6 44
6 45
6 47
6 50
6 60
6 63
6 65
6 69
6 70
6 77
6 79
6 80
6 81
6 85
6 91
6 608
6 103
6 108
6 110
6 623
6 112
6 115
6 116
6 125
6 126
6 132
6 136
6 139
6 655
6 145
6 146
6 668
6 165
6 167
6 168
6 681
6 173
6 189
6 192
6 706
6 707
6 200
6 204
6 210
6 725
6 220
6 736
6 739
6 229
6 231
6 233
6 637
6 758
6 245
6 246
6 254
6 257
6 774
6 789
6 283
6 797
6 291
6 292
6 817
6 822
6 326
6 849
6 344
6 351
6 353
6 359
6 364
6 885
6 374
6 890
6 381
6 382
6 386
6 899
6 388
6 906
6 913
6 403
6 408
6 411
6 412
6 432
6 946
6 438
6 951
6 960
6 453
6 454
6 971
6 988
6 478
6 480
6 535
6 508
7 520
7 10
7 11
7 12
7 13
7 16
7 146
7 20
7 22
7 23
7 25
7 794
7 27
7 285
7 32
7 291
7 932
7 919
7 171
7 684
7 48
7 49
7 51
7 183
7 60
7 160
7 843
7 495
7 838
7 586
7 459
7 76
7 589
7 847
7 592
7 211
7 84
7 87
7 975
7 476
7 350
7 96
7 144
7 228
7 103
7 104
7 362
7 111
7 372
7 547
7 375
7 250
7 125
8 129
8 131
8 516
8 10
8 11
8 12
8 450
8 14
8 237
8 17
8 146
8 899
8 21
8 154
8 27
8 414
8 159
8 35
8 36
8 40
8 169
8 42
8 172
8 477
8 817
8 54
8 58
8 650
8 62
8 319
8 448
8 322
8 580
8 837
8 199
8 586
8 782
8 204
8 970
8 82
8 270
8 470
8 215
8 164
8 346
8 221
8 353
8 229
8 233
8 107
8 18
8 240
8 625
8 373
8 374
8 888
8 633
8 831
8 382
9 770
9 644
9 645
9 777
9 10
9 11
9 13
9 14
9 15
9 144
9 823
9 21
9 155
9 413
9 30
9 31
9 418
9 27
9 38
9 39
9 41
9 170
9 172
9 174
9 561
9 693
9 182
9 183
9 321
9 68
9 453
9 584
9 585
9 458
9 439
9 333
9 209
9 85
9 89
9 996
9 222
9 735
9 16
9 226
9 355
9 356
9 376
9 250
9 763
9 508
9 42
10 11
10 12
10 13
10 14
10 15
10 17
10 18
10 19
10 21
10 22
10 23
10 24
10 25
10 26
10 29
10 31
10 544
10 33
10 35
10 36
10 37
10 39
10 40
10 555
10 556
10 45
10 46
10 47
10 50
10 51
10 513
10 54
10 56
10 59
10 60
10 61
10 63
10 64
10 580
10 69
10 71
10 72
10 73
10 74
10 76
10 591
10 80
10 867
10 84
10 85
10 87
10 88
10 89
10 92
10 93
10 95
10 100
10 103
10 104
10 106
10 107
10 530
10 622
10 115
10 122
10 124
10 126
10 132
10 647
10 139
10 652
10 143
10 536
10 148
10 150
10 151
10 668
10 672
10 161
10 677
10 166
10 881
10 858
10 687
10 689
10 180
10 694
10 186
10 194
10 944
10 200
10 713
10 518
10 203
10 208
10 209
10 213
10 215
10 216
10 638
10 229
10 747
10 240
10 245
10 246
10 760
10 255
10 256
10 258
10 266
10 276
10 791
10 828
10 301
10 563
10 564
10 314
10 827
10 316
10 326
10 778
10 844
10 345
10 346
10 347
10 355
10 868
10 361
10 362
10 877
10 878
10 369
10 371
10 375
10 889
10 378
10 379
10 895
10 899
10 904
10 911
10 400
10 531
10 407
10 413
10 936
10 942
10 432
10 433
10 437
10 950
10 963
10 457
10 971
10 464
10 475
10 990
10 488
10 494
10 496
10 499
10 500
10 501
10 503
11 12
11 13
11 14
11 15
11 16
11 17
11 18
11 19
11 21
11 22
11 23
11 24
11 25
11 26
11 27
11 542
11 33
11 36
11 37
11 38
11 40
11 41
11 44
11 47
11 49
11 530
11 52
11 53
11 55
11 60
11 65
11 70
11 71
11 74
11 77
11 92
11 93
11 99
11 104
11 107
11 108
11 109
11 110
11 626
11 531
11 628
11 119
11 120
11 638
11 136
11 567
11 139
11 141
11 142
11 621
11 145
11 147
11 157
11 160
11 162
11 680
11 686
11 690
11 179
11 692
11 182
11 184
11 185
11 187
11 191
11 704
11 196
11 710
11 205
11 974
11 218
11 219
11 220
11 234
11 751
11 245
11 252
11 769
11 773
11 262
11 775
11 776
11 266
11 267
11 268
11 784
11 273
11 275
11 788
11 792
11 793
11 287
11 802
11 803
11 301
11 814
11 816
11 648
11 309
11 823
11 829
11 833
11 323
11 836
11 330
11 331
11 333
11 653
11 338
11 349
11 863
11 874
11 369
11 380
11 895
11 391
11 906
11 910
11 913
11 403
11 408
11 930
11 937
11 947
11 951
11 440
11 963
11 457
11 462
11 467
11 985
11 992
11 494
11 498
11 504
12 521
12 13
12 14
12 15
12 17
12 18
12 20
12 22
12 25
12 26
12 27
12 29
12 33
12 34
12 35
12 39
12 40
12 41
12 44
12 45
12 50
12 564
12 566
12 55
12 569
12 61
12 62
12 63
12 576
12 65
12 523
12 68
12 72
12 73
12 74
12 82
12 84
12 526
12 86
12 89
12 102
12 105
12 116
12 632
12 127
12 135
12 138
12 654
12 147
12 151
12 153
12 158
12 160
12 673
12 167
12 683
12 173
12 690
12 702
12 192
12 195
12 196
12 216
12 217
12 730
12 219
12 220
12 747
12 238
12 241
12 253
12 773
12 781
12 270
12 787
12 277
12 286
12 804
12 821
12 826
12 317
12 831
12 839
12 567
12 845
12 850
12 341
12 346
12 350
12 366
12 368
12 885
12 887
12 892
12 898
12 391
12 918
12 919
12 414
12 418
12 939
12 428
12 945
12 947
12 577
12 966
12 968
12 463
12 978
12 477
12 765
12 497
13 513
13 525
13 14
13 15
13 16
13 17
13 19
13 20
13 21
13 25
13 539
13 28
13 29
13 30
13 33
13 34
13 36
13 37
13 38
13 39
13 42
13 43
13 45
13 560
13 561
13 53
13 55
13 66
13 72
13 73
13 587
13 77
13 87
13 91
13 93
13 609
13 98
13 622
13 114
13 117
13 118
13 120
13 122
13 130
13 131
13 134
13 136
13 516
13 150
13 154
13 165
13 168
13 174
13 195
13 197
13 545
13 202
13 209
13 774
13 211
13 212
13 214
13 727
13 217
13 220
13 736
13 225
13 228
13 230
13 519
13 239
13 242
13 248
13 761
13 251
13 254
13 772
13 262
13 781
13 271
13 784
13 646
13 808
13 732
13 298
13 299
13 812
13 819
13 308
13 309
13 315
13 321
13 325
13 331
13 845
13 346
13 365
13 377
13 397
13 410
13 837
13 419
13 932
13 422
13 935
13 936
13 425
13 433
13 437
13 441
13 445
13 448
13 454
13 471
13 478
13 480
13 994
13 487
13 489
13 630
13 937
14 15
14 17
14 18
14 19
14 20
14 533
14 22
14 23
14 24
14 819
14 26
14 27
14 28
14 30
14 31
14 32
14 33
14 34
14 603
14 36
14 41
14 555
14 46
14 47
14 48
14 561
14 51
14 57
14 59
14 61
14 63
14 579
14 580
14 69
14 72
14 586
14 75
14 84
14 91
14 698
14 96
14 98
14 617
14 105
14 622
14 113
14 629
14 118
14 119
14 127
14 128
14 642
14 135
14 648
14 138
14 153
14 168
14 169
14 691
14 186
14 188
14 196
14 205
14 206
14 720
14 217
14 731
14 222
14 223
14 227
14 740
14 230
14 238
14 244
14 247
14 253
14 254
14 769
14 775
14 264
14 266
14 267
14 269
14 782
14 785
14 787
14 278
14 282
14 796
14 647
14 300
14 814
14 307
14 308
14 316
14 829
14 328
14 869
14 366
14 373
14 575
14 892
14 381
14 902
14 401
14 665
14 416
14 419
14 426
14 435
14 451
14 458
14 460
14 979
14 983
14 476
14 477
14 991
14 488
14 489
14 494
14 506
14 507
15 527
15 16
15 17
15 19
15 20
15 21
15 22
15 24
15 25
15 26
15 28
15 30
15 32
15 35
15 549
15 40
15 42
15 43
15 45
15 48
15 49
15 51
15 52
15 56
15 64
15 577
15 73
15 74
15 77
15 590
15 525
15 81
15 82
15 595
15 600
15 101
15 103
15 104
15 106
15 108
15 109
15 114
15 119
15 121
15 637
15 649
15 139
15 142
15 143
15 659
15 149
15 152
15 154
15 538
15 672
15 674
15 164
15 540
15 174
15 184
15 698
15 799
15 191
15 705
15 708
15 709
15 199
15 201
15 202
15 718
15 214
15 633
15 219
15 739
15 232
15 234
15 241
15 249
15 260
15 781
15 272
15 274
15 277
15 286
15 287
15 301
15 302
15 310
15 324
15 328
15 843
15 655
15 348
15 355
15 887
15 388
15 393
15 396
15 925
15 417
15 422
15 753
15 432
15 948
15 958
15 452
15 973
15 470
15 481
15 552
15 493
15 499
15 510
16 522
16 526
16 20
16 29
16 31
16 39
16 43
16 556
16 45
16 46
16 562
16 55
16 56
16 57
16 58
16 63
16 576
16 68
16 69
16 70
16 584
16 73
16 77
16 80
16 85
16 88
16 783
16 97
16 101
16 614
16 105
16 107
16 621
16 111
16 112
16 120
16 122
16 652
16 140
16 146
16 148
16 150
16 154
16 155
16 157
16 158
16 163
16 178
16 184
16 701
16 192
16 194
16 196
16 199
16 201
16 206
16 207
16 735
16 232
16 756
16 249
16 255
16 257
16 261
16 774
16 775
16 776
16 557
16 786
16 558
16 284
16 292
16 807
16 299
16 304
16 320
16 325
16 840
16 329
16 994
16 568
16 850
16 851
16 361
16 364
16 914
16 367
16 388
16 902
16 910
16 402
16 403
16 406
16 411
16 582
16 422
16 427
16 437
16 438
16 841
16 975
16 482
16 496
17 516
17 18
17 19
17 20
17 21
17 23
17 25
17 26
17 28
17 36
17 37
17 41
17 93
17 54
17 56
17 65
17 69
17 77
17 85
17 605
17 99
17 105
17 619
17 111
17 637
17 126
17 639
17 132
17 648
17 144
17 658
17 153
17 165
17 172
17 176
17 177
17 181
17 698
17 189
17 712
17 205
17 721
17 737
17 746
17 748
17 749
17 125
17 241
17 255
17 773
17 266
17 273
17 790
17 286
17 803
17 302
17 822
17 312
17 828
17 832
17 837
17 843
17 850
17 347
17 861
17 875
17 146
17 878
17 888
17 384
17 389
17 390
17 236
17 413
17 428
17 942
17 951
17 440
17 976
17 476
17 993
17 490
17 498
18 521
18 20
18 534
18 539
18 28
18 29
18 31
18 32
18 33
18 549
18 43
18 44
18 46
18 691
18 53
18 777
18 56
18 59
18 61
18 579
18 68
18 69
18 71
18 524
18 74
18 76
18 592
18 594
18 87
18 91
18 94
18 95
18 613
18 616
18 617
18 115
18 118
18 532
18 636
18 128
18 129
18 135
18 651
18 707
18 667
18 704
18 163
18 164
18 710
18 167
18 682
18 171
18 173
18 179
18 181
18 184
18 700
18 190
18 192
18 544
18 706
18 195
18 197
18 198
18 205
18 213
18 727
18 217
18 745
18 237
18 252
18 258
18 265
18 271
18 274
18 275
18 291
18 806
18 295
18 313
18 321
18 522
18 323
18 849
18 343
18 858
18 363
18 877
18 374
18 898
18 904
18 397
18 401
18 404
18 406
18 407
18 581
18 933
18 442
18 586
18 961
18 455
18 464
18 675
18 984
18 473
18 987
18 498
18 503
18 510
19 24
19 27
19 28
19 29
19 30
19 31
19 545
19 37
19 554
19 47
19 49
19 563
19 52
19 565
19 54
19 57
19 58
19 59
19 60
19 61
19 64
19 66
19 70
19 583
19 72
19 585
19 589
19 82
19 84
19 85
19 88
19 605
19 94
19 611
19 102
19 614
19 110
19 627
19 121
19 635
19 642
19 131
19 136
19 138
19 652
19 706
19 660
19 669
19 159
19 686
19 175
19 177
19 115
19 696
19 701
19 190
19 194
19 719
19 549
19 738
19 242
19 759
19 760
19 777
19 267
19 787
19 276
19 280
19 283
19 801
19 294
19 810
19 311
19 828
19 843
19 844
19 335
19 340
19 365
19 573
19 378
19 541
19 893
19 407
19 415
19 417
19 427
19 946
19 439
19 443
19 958
19 449
19 475
19 483
19 487
19 488
19 504
19 510
20 128
20 256
20 392
20 137
20 522
20 968
20 23
20 576
20 537
20 367
20 285
20 544
20 35
20 38
20 39
20 40
20 257
20 302
20 49
20 435
20 53
20 183
20 315
20 411
20 309
20 64
20 322
20 195
20 904
20 328
20 202
20 590
20 976
20 211
20 212
20 561
20 470
20 472
20 89
20 858
20 271
20 655
20 605
20 95
20 224
20 98
20 443
20 617
20 236
20 109
20 239
20 880
20 115
20 119
20 217
20 831
20 765
20 766
21 514
21 534
21 23
21 516
21 26
21 32
21 34
21 550
21 41
21 44
21 48
21 51
21 57
21 59
21 63
21 67
21 68
21 69
21 70
21 73
21 589
21 86
21 601
21 90
21 527
21 92
21 97
21 610
21 102
21 627
21 120
21 122
21 638
21 647
21 140
21 655
21 145
21 155
21 164
21 166
21 680
21 681
21 686
21 177
21 190
21 203
21 716
21 721
21 214
21 727
21 217
21 220
21 234
21 236
21 237
21 753
21 894
21 250
21 767
21 768
21 264
21 275
21 805
21 307
21 309
21 827
21 319
21 323
21 839
21 348
21 890
21 380
21 746
21 382
21 389
21 907
21 396
21 404
21 412
21 930
21 934
21 935
21 944
21 436
21 437
21 439
21 956
21 958
21 960
21 456
21 465
21 472
21 480
21 490
22 448
22 834
22 659
22 153
22 155
22 412
22 413
22 159
22 160
22 33
22 34
22 35
22 36
22 933
22 38
22 168
22 41
22 391
22 814
22 388
22 565
22 641
22 826
22 59
22 574
22 821
22 64
22 578
22 395
22 886
22 456
22 75
22 79
22 594
22 339
22 85
22 548
22 932
22 954
22 606
22 223
22 523
22 587
22 699
22 612
22 486
22 924
22 109
22 370
22 979
22 117
22 246
22 169
22 120
22 249
22 383
22 247
23 128
23 393
23 269
23 271
23 272
23 534
23 152
23 26
23 687
23 284
23 30
23 927
23 33
23 34
23 547
23 36
23 39
23 297
23 519
23 44
23 45
23 559
23 48
23 181
23 266
23 429
23 437
23 960
23 579
23 68
23 161
23 588
23 842
23 887
23 332
23 973
23 78
23 336
23 401
23 340
23 896
23 89
23 986
23 475
23 732
23 93
23 607
23 737
23 357
23 103
23 664
23 107
23 365
23 711
23 755
23 116
23 425
23 657
24 793
24 525
24 528
24 742
24 723
24 660
24 789
24 278
24 535
24 25
24 595
24 28
24 29
24 768
24 289
24 34
24 700
24 676
24 38
24 412
24 170
24 583
24 175
24 54
24 55
24 571
24 188
24 829
24 481
24 194
24 715
24 950
24 256
24 795
24 202
24 183
24 588
24 162
24 82
24 83
24 725
24 86
24 472
24 484
24 91
24 93
24 997
24 224
24 97
24 98
24 955
24 100
24 485
24 358
24 103
24 105
24 106
24 108
24 722
24 368
24 362
24 115
24 681
24 122
24 253
24 894
24 951
25 535
25 26
25 28
25 32
25 37
25 38
25 42
25 46
25 559
25 54
25 55
25 570
25 59
25 61
25 62
25 578
25 67
25 68
25 584
25 524
25 76
25 79
25 88
25 90
25 100
25 102
25 107
25 111
25 630
25 119
25 127
25 129
25 133
25 139
25 146
25 660
25 664
25 193
25 194
25 197
25 204
25 714
25 716
25 724
25 221
25 734
25 223
25 226
25 227
25 741
25 742
25 745
25 746
25 242
25 245
25 246
25 249
25 258
25 268
25 272
25 276
25 812
25 825
25 322
25 846
25 356
25 361
25 362
25 876
25 366
25 370
25 886
25 889
25 893
25 383
25 915
25 406
25 939
25 443
25 444
25 459
25 984
25 995
25 489
25 503
26 27
26 518
26 550
26 41
26 46
26 57
26 62
26 66
26 72
26 74
26 75
26 78
26 80
26 526
26 527
26 605
26 94
26 98
26 99
26 104
26 110
26 111
26 632
26 128
26 133
26 137
26 141
26 146
26 154
26 667
26 172
26 178
26 182
26 699
26 706
26 201
26 207
26 218
26 224
26 232
26 239
26 240
26 243
26 757
26 247
26 250
26 260
26 272
26 292
26 805
26 294
26 315
26 319
26 836
26 329
26 331
26 334
26 343
26 864
26 366
26 367
26 369
26 882
26 376
26 377
26 831
26 893
26 386
26 899
26 918
26 916
26 406
26 428
26 431
26 946
26 245
26 450
26 971
26 982
26 478
27 515
27 518
27 141
27 145
27 533
27 768
27 667
27 29
27 542
27 161
27 38
27 296
27 42
27 43
27 257
27 45
27 179
27 52
27 184
27 444
27 67
27 199
27 812
27 77
27 206
27 466
27 84
27 470
27 87
27 857
27 218
27 263
27 228
27 166
27 874
27 978
27 711
27 369
27 651
27 375
27 917
28 538
28 30
28 34
28 39
28 552
28 553
28 43
28 45
28 47
28 48
28 49
28 564
28 55
28 58
28 571
28 66
28 75
28 80
28 82
28 87
28 90
28 91
28 92
28 95
28 619
28 117
28 122
28 126
28 641
28 132
28 134
28 136
28 656
28 661
28 161
28 165
28 171
28 175
28 176
28 691
28 183
28 799
28 189
28 211
28 725
28 214
28 727
28 219
28 737
28 243
28 255
28 769
28 270
28 557
28 287
28 289
28 307
28 310
28 323
28 334
28 966
28 351
28 866
28 365
28 879
28 370
28 371
28 375
28 377
28 388
28 905
28 927
28 931
28 422
28 427
28 431
28 587
28 454
28 967
28 497
29 256
29 133
29 521
29 148
29 277
29 281
29 155
29 925
29 34
29 164
29 163
29 38
29 41
29 302
29 48
29 306
29 51
29 180
29 437
29 951
29 440
29 570
29 821
29 193
29 262
29 67
29 838
29 967
29 584
29 923
29 418
29 590
29 909
29 721
29 83
29 804
29 216
29 608
29 219
29 604
29 352
29 98
29 356
29 992
29 744
29 239
29 241
29 114
29 297
29 899
30 328
30 902
30 663
30 142
30 273
30 530
30 280
30 411
30 158
30 31
30 432
30 37
30 170
30 172
30 45
30 46
30 687
30 48
30 200
30 308
30 53
30 436
30 187
30 779
30 768
30 711
30 72
30 585
30 79
30 208
30 84
30 343
30 858
30 143
30 478
30 99
30 617
30 745
30 752
30 147
30 116
30 501
30 247
30 889
31 129
31 386
31 385
31 136
31 565
31 606
31 657
31 533
31 151
31 536
31 265
31 157
31 453
31 32
31 929
31 162
31 35
31 390
31 166
31 680
31 43
31 300
31 562
31 594
31 158
31 577
31 137
31 57
31 58
31 799
31 63
31 897
31 449
31 67
31 708
31 325
31 990
31 311
31 333
31 718
31 210
31 213
31 983
31 343
31 217
31 218
31 92
31 221
31 459
31 225
31 226
31 104
31 617
31 387
31 109
31 366
31 242
31 117
31 636
31 383
32 258
32 196
32 149
32 264
32 620
32 791
32 140
32 269
32 895
32 147
32 150
32 153
32 667
32 474
32 158
32 928
32 418
32 219
32 36
32 39
32 40
32 632
32 429
32 879
32 305
32 308
32 53
32 54
32 351
32 446
32 319
32 704
32 705
32 863
32 68
32 709
32 225
32 753
32 859
32 501
32 565
32 79
32 337
32 211
32 399
32 821
32 983
32 856
32 868
32 218
32 207
32 229
32 992
32 97
32 516
32 101
32 743
32 233
32 106
32 107
32 387
32 237
32 765
32 296
32 498
32 447
32 869
32 120
32 633
32 383
32 234
32 127
33 775
33 400
33 659
33 269
33 149
33 132
33 666
33 546
33 933
33 550
33 552
33 42
33 300
33 813
33 50
33 54
33 60
33 319
33 578
33 582
33 841
33 844
33 462
33 141
33 209
33 342
33 377
33 857
33 986
33 207
33 220
33 477
33 991
33 97
33 507
33 999
33 232
33 572
33 495
33 882
33 885
33 759
33 276
33 890
33 251
33 892
33 789
34 130
34 132
34 439
34 657
34 259
34 539
34 555
34 167
34 168
34 156
34 298
34 299
34 44
34 175
34 176
34 690
34 564
34 182
34 183
34 56
34 704
34 65
34 782
34 459
34 324
34 950
34 71
34 75
34 78
34 781
34 873
34 206
34 600
34 93
34 898
34 607
34 355
34 100
34 102
34 872
34 762
34 874
34 423
34 236
34 495
34 626
34 886
34 169
34 376
34 122
34 123
34 469
35 588
35 773
35 137
35 695
35 398
35 528
35 273
35 147
35 622
35 414
35 289
35 167
35 680
35 682
35 683
35 679
35 943
35 50
35 52
35 649
35 692
35 60
35 970
35 702
35 64
35 195
35 964
35 70
35 71
35 140
35 74
35 75
35 204
35 333
35 973
35 86
35 953
35 88
35 989
35 94
35 351
35 226
35 485
35 359
35 107
35 493
35 451
35 754
35 116
35 967
35 509
36 384
36 643
36 516
36 726
36 774
36 533
36 794
36 157
36 162
36 548
36 421
36 169
36 683
36 300
36 178
36 52
36 53
36 568
36 58
36 60
36 62
36 191
36 64
36 200
36 716
36 78
36 86
36 88
36 186
36 100
36 101
36 742
36 893
36 856
36 121
36 378
36 253
37 900
37 392
37 533
37 534
37 409
37 943
37 541
37 159
37 416
37 802
37 440
37 805
37 294
37 812
37 47
37 712
37 563
37 184
37 186
37 572
37 62
37 64
37 343
37 67
37 70
37 456
37 201
37 587
37 76
37 78
37 81
37 724
37 215
37 985
37 314
37 471
37 864
37 97
37 98
37 99
37 529
37 744
37 106
37 826
37 108
37 495
37 756
37 852
37 874
38 278
38 260
38 140
38 910
38 141
38 274
38 323
38 405
38 407
38 154
38 798
38 325
38 162
38 39
38 426
38 49
38 54
38 824
38 441
38 316
38 447
38 961
38 66
38 67
38 69
38 457
38 79
38 82
38 467
38 87
38 349
38 734
38 95
38 523
38 537
38 996
38 487
38 234
38 935
38 364
38 496
38 881
38 115
38 507
38 636
38 810
39 640
39 513
39 130
39 537
39 261
39 134
39 267
39 398
39 149
39 917
39 153
39 201
39 390
39 295
39 42
39 44
39 813
39 46
39 908
39 694
39 137
39 952
39 953
39 58
39 138
39 192
39 321
39 522
39 69
39 73
39 74
39 311
39 727
39 591
39 81
39 722
39 83
39 214
39 87
39 346
39 672
39 92
39 226
39 99
39 934
39 102
39 849
39 639
39 380
39 951
39 239
39 112
39 497
39 754
39 117
39 758
39 507
39 124
39 127
40 128
40 130
40 259
40 519
40 665
40 157
40 619
40 369
40 43
40 50
40 179
40 53
40 884
40 318
40 192
40 505
40 71
40 843
40 332
40 461
40 206
40 889
40 854
40 215
40 984
40 783
40 482
40 448
40 230
40 615
40 233
40 491
40 108
40 109
40 113
40 628
40 504
40 276
40 767
41 512
41 130
41 133
41 520
41 522
41 606
41 403
41 148
41 667
41 540
41 801
41 549
41 470
41 424
41 327
41 431
41 304
41 49
41 692
41 180
41 181
41 265
41 313
41 314
41 59
41 188
41 190
41 191
41 65
41 581
41 71
41 73
41 972
41 77
41 497
41 86
41 475
41 350
41 227
41 997
41 614
41 103
41 956
41 362
41 743
41 748
41 493
41 110
41 238
41 140
41 243
41 244
41 117
41 248
41 121
41 508
42 131
42 395
42 656
42 145
42 644
42 916
42 922
42 416
42 163
42 43
42 777
42 760
42 302
42 51
42 436
42 309
42 713
42 315
42 573
42 959
42 544
42 964
42 454
42 673
42 795
42 73
42 202
42 205
42 464
42 209
42 466
42 803
42 472
42 345
42 218
42 476
42 349
42 481
42 360
42 111
42 112
42 120
42 890
42 382
43 391
43 405
43 156
43 960
43 165
43 173
43 304
43 50
43 52
43 182
43 567
43 543
43 186
43 287
43 448
43 65
43 67
43 197
43 710
43 200
43 695
43 653
43 594
43 468
43 599
43 344
43 91
43 92
43 221
43 897
43 400
43 233
43 362
43 366
43 624
43 123
44 216
44 146
44 771
44 276
44 153
44 154
44 285
44 158
44 671
44 160
44 164
44 134
44 402
44 175
44 567
44 441
44 572
44 62
44 191
44 416
44 963
44 452
44 965
44 70
44 199
44 75
44 973
44 462
44 975
44 710
44 846
44 88
44 729
44 989
44 224
44 233
44 167
44 881
44 244
44 505
44 916
44 507
44 255
45 514
45 531
45 533
45 518
45 47
45 776
45 50
45 52
45 54
45 569
45 60
45 62
45 65
45 581
45 71
45 73
45 75
45 588
45 78
45 592
45 611
45 89
45 527
45 94
45 96
45 97
45 98
45 99
45 104
45 113
45 116
45 632
45 121
45 124
45 126
45 127
45 132
45 134
45 649
45 144
45 152
45 155
45 158
45 162
45 163
45 167
45 681
45 173
45 686
45 176
45 178
45 542
45 184
45 188
45 701
45 197
45 207
45 212
45 214
45 730
45 228
45 230
45 239
45 240
45 246
45 257
45 726
45 264
45 274
45 277
45 792
45 793
45 288
45 290
45 292
45 303
45 306
45 843
45 336
45 338
45 341
45 342
45 625
45 356
45 358
45 359
45 380
45 393
45 915
45 917
45 413
45 417
45 436
45 949
45 956
45 446
45 452
45 461
45 484
45 510
46 774
46 264
46 395
46 622
46 409
46 664
46 539
46 924
46 160
46 923
46 936
46 809
46 941
46 303
46 560
46 689
46 530
46 51
46 567
46 56
46 698
46 59
46 318
46 67
46 68
46 72
46 588
46 76
46 208
46 211
46 84
46 853
46 90
46 222
46 479
46 480
46 620
46 237
46 238
46 879
46 752
46 115
46 118
46 891
47 386
47 854
47 135
47 267
47 268
47 399
47 148
47 277
47 282
47 901
47 305
47 297
47 302
47 49
47 695
47 57
47 828
47 958
47 831
47 320
47 196
47 455
47 780
47 586
47 460
47 707
47 561
47 86
47 471
47 473
47 347
47 763
47 228
47 237
47 110
47 628
47 118
47 503
47 123
48 643
48 133
48 904
48 137
48 279
48 140
48 144
48 914
48 408
48 410
48 645
48 161
48 678
48 129
48 284
48 298
48 178
48 905
48 689
48 50
48 183
48 571
48 61
48 190
48 447
48 963
48 836
48 455
48 201
48 75
48 77
48 591
48 464
48 81
48 722
48 83
48 526
48 216
48 857
48 92
48 479
48 482
48 103
48 951
48 875
48 971
48 623
48 424
48 755
48 244
48 545
48 374
48 633
48 124
49 901
49 134
49 522
49 396
49 398
49 407
49 815
49 709
49 161
49 546
49 859
49 753
49 647
49 558
49 51
49 53
49 55
49 952
49 58
49 187
49 829
49 845
49 651
49 581
49 712
49 332
49 717
49 463
49 791
49 84
49 216
49 412
49 91
49 988
49 229
49 353
49 354
49 911
49 166
49 491
49 876
49 113
49 678
49 511
50 299
50 132
50 261
50 263
50 520
50 779
50 955
50 143
50 785
50 530
50 515
50 815
50 285
50 798
50 295
50 940
50 814
50 483
50 177
50 819
50 181
50 739
50 735
50 778
50 318
50 322
50 201
50 76
50 335
50 80
50 419
50 214
50 89
50 591
50 475
50 92
50 223
50 352
50 251
50 357
50 105
50 365
50 730
50 495
50 775
50 123
50 124
50 765
50 383
51 640
51 386
51 387
51 321
51 133
51 567
51 139
51 268
51 143
51 895
51 273
51 215
51 151
51 282
51 389
51 129
51 427
51 813
51 52
51 181
51 183
51 57
51 479
51 444
51 62
51 319
51 279
51 193
51 450
51 459
51 452
51 524
51 331
51 593
51 850
51 794
51 213
51 742
51 87
51 218
51 220
51 222
51 223
51 224
51 97
51 226
51 101
51 486
51 103
51 841
51 363
51 613
51 552
51 242
51 404
51 123
51 254
51 523
52 132
52 179
52 649
52 274
52 149
52 406
52 389
52 160
52 801
52 933
52 303
52 433
52 566
52 55
52 58
52 187
52 316
52 189
52 795
52 204
52 849
52 932
52 94
52 95
52 352
52 870
52 486
52 743
52 488
52 105
52 234
52 999
52 317
52 113
52 500
52 119
52 252
52 510
52 127
53 512
53 771
53 133
53 524
53 707
53 665
53 155
53 605
53 885
53 310
53 884
53 957
53 575
53 65
53 66
53 587
53 324
53 71
53 203
53 334
53 525
53 82
53 597
53 342
53 471
53 93
53 862
53 95
53 96
53 105
53 907
53 756
53 117
53 404
53 506
53 255
54 448
54 534
54 194
54 429
54 968
54 278
54 410
54 687
54 412
54 157
54 158
54 538
54 292
54 168
54 169
54 175
54 945
54 178
54 307
54 926
54 569
54 318
54 815
54 64
54 66
54 326
54 72
54 713
54 76
54 79
54 80
54 723
54 597
54 726
54 90
54 335
54 93
54 94
54 352
54 464
54 483
54 360
54 490
54 493
54 753
54 885
54 477
54 123
54 253
55 642
55 260
55 647
55 151
55 160
55 290
55 420
55 293
55 552
55 941
55 562
55 435
55 693
55 315
55 446
55 192
55 714
55 845
55 206
55 79
55 208
55 85
55 231
55 618
55 235
55 878
55 114
55 503
55 120
56 771
56 276
56 918
56 772
56 800
56 419
56 70
56 808
56 681
56 305
56 434
56 822
56 266
56 187
56 61
56 67
56 198
56 71
56 841
56 78
56 337
56 214
56 599
56 603
56 220
56 360
56 107
56 748
56 109
56 881
56 114
56 887
56 891
57 642
57 138
57 524
57 473
57 283
57 291
57 164
57 677
57 681
57 299
57 941
57 179
57 698
57 394
57 961
57 962
57 455
57 967
57 208
57 547
57 596
57 345
57 733
57 609
57 234
57 879
57 371
57 502
57 253
57 126
58 513
58 130
58 577
58 904
58 601
58 943
58 284
58 926
58 288
58 424
58 562
58 581
58 175
58 434
58 947
58 948
58 61
58 63
58 65
58 69
58 967
58 588
58 462
58 722
58 690
58 341
58 600
58 292
58 730
58 251
58 235
58 620
58 680
58 915
58 630
58 247
58 123
58 508
58 264
59 406
59 139
59 780
59 525
59 788
59 154
59 411
59 548
59 710
59 426
59 428
59 943
59 883
59 312
59 570
59 959
59 576
59 582
59 329
59 974
59 725
59 344
59 601
59 97
59 101
59 616
59 105
59 108
59 914
59 754
59 115
59 246
59 375
59 124
59 554
59 895
60 278
60 997
60 909
60 173
60 401
60 788
60 150
60 920
60 921
60 959
60 669
60 670
60 965
60 679
60 809
60 301
60 433
60 627
60 798
60 500
60 955
60 444
60 906
60 949
60 322
60 267
60 453
60 968
60 76
60 722
60 213
60 598
60 88
60 164
60 859
60 349
60 223
60 354
60 358
60 102
60 259
60 956
60 492
60 750
60 495
60 242
60 147
60 116
60 247
60 248
60 763
60 383
61 726
61 134
61 534
61 411
61 924
61 818
61 564
61 310
61 311
61 138
61 63
61 64
61 706
61 964
61 459
61 592
61 81
61 83
61 526
61 214
61 728
61 219
61 373
62 257
62 387
62 146
62 531
62 965
62 801
62 988
62 302
62 305
62 439
62 188
62 189
62 193
62 197
62 203
62 462
62 209
62 83
62 982
62 89
62 475
62 348
62 485
62 81
62 231
62 493
62 750
62 367
62 595
62 508
63 397
63 402
63 536
63 282
63 283
63 156
63 410
63 291
63 554
63 819
63 901
63 185
63 314
63 831
63 196
63 207
63 82
63 595
63 342
63 89
63 868
63 870
63 742
63 978
63 880
63 497
63 118
63 249
64 770
64 261
64 263
64 137
64 142
64 400
64 465
64 430
64 535
64 536
64 422
64 812
64 242
64 174
64 176
64 178
64 948
64 675
64 696
64 191
64 352
64 66
64 195
64 457
64 940
64 78
64 80
64 81
64 83
64 981
64 86
64 859
64 222
64 96
64 865
64 227
64 934
64 998
64 231
64 104
64 106
64 615
64 114
64 339
64 246
64 249
64 992
64 767
65 384
65 773
65 142
65 656
65 145
65 279
65 668
65 541
65 880
65 966
65 435
65 445
65 448
65 835
65 198
65 396
65 802
65 209
65 338
65 723
65 728
65 762
65 95
65 96
65 97
65 226
65 742
65 488
65 105
65 231
65 240
65 498
65 114
65 506
65 125
65 126
66 320
66 428
66 526
66 408
66 384
66 661
66 279
66 280
66 155
66 159
66 432
66 419
66 166
66 808
66 300
66 301
66 303
66 176
66 543
66 445
66 190
66 959
66 449
66 844
66 78
66 721
66 466
66 867
66 212
66 476
66 227
66 492
66 112
66 124
67 389
67 942
67 907
67 857
67 279
67 152
67 798
67 170
67 175
67 590
67 484
67 96
67 227
67 228
67 997
67 250
68 136
68 778
68 525
68 148
68 151
68 664
68 153
68 282
68 540
68 289
68 293
68 170
68 684
68 393
68 568
68 956
68 573
68 841
68 74
68 203
68 333
68 78
68 592
68 718
68 215
68 509
68 113
68 377
68 125
69 130
69 135
69 629
69 915
69 152
69 410
69 539
69 416
69 420
69 293
69 173
69 692
69 181
69 445
69 501
69 837
69 327
69 79
69 208
69 338
69 85
69 902
69 215
69 856
69 90
69 95
69 678
69 230
69 914
69 367
69 117
69 502
69 869
70 645
70 142
70 145
70 274
70 791
70 412
70 288
70 295
70 173
70 313
70 578
70 838
70 330
70 975
70 211
70 981
70 606
70 870
70 259
70 109
70 112
70 851
70 634
70 405
71 260
71 397
71 654
71 173
71 787
71 163
71 167
71 179
71 694
71 931
71 447
71 834
71 455
71 75
71 76
71 336
71 977
71 978
71 83
71 86
71 472
71 93
71 96
71 225
71 101
71 111
71 118
71 169
71 762
71 383
72 135
72 663
72 143
72 279
72 90
72 543
72 986
72 311
72 952
72 602
72 477
72 229
72 235
72 375
72 762
72 636
73 512
73 133
73 141
73 147
73 280
73 781
73 421
73 939
73 172
73 177
73 435
73 308
73 822
73 713
73 184
73 960
73 834
73 758
73 329
73 458
73 207
73 980
73 857
73 90
73 347
73 348
73 990
73 224
73 865
73 619
73 701
73 114
73 118
73 251
73 511
74 641
74 515
74 149
74 664
74 580
74 797
74 286
74 294
74 296
74 171
74 432
74 305
74 307
74 186
74 445
74 325
74 714
74 80
74 339
74 469
74 985
74 829
74 354
74 100
74 101
74 102
74 616
74 490
74 807
74 495
74 121
75 320
75 131
75 517
75 300
75 139
75 653
75 272
75 643
75 923
75 154
75 672
75 437
75 694
75 192
75 321
75 450
75 971
75 201
75 715
75 206
75 79
75 336
75 338
75 724
75 727
75 997
75 104
75 621
75 625
75 371
75 767
76 128
76 898
76 131
76 261
76 780
76 143
76 302
76 278
76 797
76 534
76 903
76 178
76 177
76 698
76 191
76 843
76 837
76 203
76 460
76 590
76 83
76 84
76 991
76 225
76 226
76 99
76 358
76 106
77 258
77 903
77 149
77 150
77 281
77 541
77 560
77 546
77 411
77 420
77 678
77 808
77 428
77 825
77 651
77 198
77 91
77 604
77 608
77 236
78 898
78 134
78 862
78 139
78 788
78 280
78 166
78 423
78 170
78 939
78 686
78 176
78 350
78 314
78 906
78 193
78 847
78 92
78 94
78 483
78 486
78 230
78 872
78 551
78 631
78 122
78 123
79 896
79 131
79 132
79 905
79 908
79 922
79 417
79 290
79 646
79 556
79 439
79 328
79 229
79 98
79 102
79 614
79 743
80 256
80 129
80 942
80 907
80 917
80 174
80 949
80 569
80 186
80 828
80 319
80 197
80 717
80 462
80 592
80 465
80 723
80 596
80 85
80 88
80 784
80 852
80 635
80 509
80 126
81 279
81 269
81 782
81 144
81 663
81 417
81 695
81 446
81 596
81 732
81 222
81 104
81 747
81 372
82 131
82 389
82 277
82 921
82 283
82 285
82 930
82 295
82 429
82 174
82 306
82 947
82 694
82 185
82 827
82 191
82 193
82 908
82 715
82 719
82 611
82 212
82 470
82 313
82 345
82 220
82 607
82 379
82 870
82 751
82 119
83 640
83 388
83 775
83 137
83 650
83 651
83 712
83 142
83 840
83 433
83 738
83 431
83 346
83 286
83 416
83 347
83 552
83 937
83 428
83 303
83 328
83 946
83 180
83 693
83 438
83 440
83 959
83 800
83 961
83 323
83 200
83 716
83 461
83 975
83 209
83 855
83 739
83 398
83 86
83 446
83 728
83 89
83 218
83 91
83 222
83 863
83 98
83 99
83 100
83 485
83 614
83 110
83 318
83 886
83 379
83 998
84 160
84 172
84 256
84 901
84 423
84 435
84 687
84 554
85 129
85 402
85 414
85 547
85 934
85 688
85 177
85 566
85 650
85 326
85 457
85 330
85 331
85 717
85 982
85 989
85 656
85 356
85 489
85 495
85 381
86 512
86 135
86 648
86 655
86 563
86 284
86 159
86 293
86 179
86 180
86 183
86 116
86 577
86 961
86 759
86 211
86 823
86 217
86 851
86 634
86 223
86 864
86 103
86 490
86 364
86 878
86 244
86 297
86 504
86 505
86 378
86 379
86 381
87 528
87 293
87 540
87 173
87 943
87 953
87 446
87 206
87 463
87 209
87 852
87 869
87 608
87 101
87 493
87 501
87 378
87 125
88 877
88 294
88 681
88 564
88 565
88 756
88 964
88 457
88 587
88 341
88 863
88 738
88 108
88 109
88 242
88 499
88 244
88 373
89 269
89 278
89 167
89 777
89 187
89 138
89 196
89 199
89 202
89 342
89 985
89 107
89 116
89 120
89 532
89 892
89 125
89 894
90 401
90 279
90 164
90 168
90 949
90 823
90 194
90 195
90 454
90 337
90 217
90 860
90 479
90 913
90 488
90 500
91 100
91 113
91 791
91 529
91 245
91 790
91 371
91 121
91 986
91 574
91 199
92 386
92 491
92 261
92 262
92 136
92 275
92 150
92 301
92 392
92 179
92 309
92 566
92 185
92 445
92 319
92 340
92 727
92 733
92 741
92 235
92 636
93 385
93 643
93 133
93 646
93 513
93 140
93 546
93 278
93 666
93 283
93 670
93 417
93 455
93 942
93 431
93 690
93 307
93 308
93 183
93 569
93 189
93 320
93 182
93 714
93 290
93 846
93 212
93 469
93 857
93 611
93 100
93 357
93 360
93 621
93 112
93 504
93 761
93 511
94 352
94 322
94 594
94 391
94 106
94 779
94 512
94 971
94 803
94 157
94 158
95 641
95 137
95 148
95 640
95 539
95 691
95 704
95 464
95 978
95 761
95 475
95 737
95 233
95 108
95 366
95 508
96 905
96 652
96 144
96 401
96 275
96 287
96 933
96 558
96 432
96 178
96 307
96 180
96 696
96 585
96 221
96 481
96 356
96 748
96 243
96 378
96 510
97 376
97 145
97 518
97 110
97 113
97 661
97 151
97 881
97 285
97 421
98 647
98 265
98 394
98 271
98 912
98 415
98 560
98 297
98 176
98 311
98 442
98 699
98 201
98 458
98 610
98 974
98 570
98 480
98 482
98 228
98 229
98 490
98 750
98 113
98 375
98 121
98 251
98 253
99 772
99 517
99 391
99 776
99 281
99 686
99 308
99 317
99 702
99 715
99 459
99 205
99 337
99 724
99 599
99 608
99 361
99 875
99 238
99 367
99 114
99 250
99 252
100 670
100 159
100 545
100 174
100 799
100 700
100 583
100 461
100 468
100 216
100 225
100 998
100 236
100 852
100 637
100 511
101 130
101 388
101 129
101 142
101 920
101 922
101 670
101 163
101 428
101 431
101 202
101 313
101 314
101 189
101 320
101 834
101 714
101 503
101 596
101 345
101 989
101 607
101 866
101 315
101 240
101 510
101 375
101 125
101 382
102 641
102 131
102 774
102 265
102 398
102 143
102 537
102 152
102 287
102 675
102 292
102 421
102 168
102 553
102 939
102 943
102 393
102 313
102 458
102 324
102 584
102 843
102 332
102 546
102 207
102 977
102 850
102 724
102 469
102 214
102 599
102 600
102 739
102 714
102 626
102 372
102 373
102 252
103 129
103 898
103 389
103 407
103 656
103 405
103 667
103 709
103 676
103 390
103 429
103 175
103 313
103 266
103 190
103 193
103 451
103 453
103 468
103 348
103 733
103 865
103 227
103 617
103 240
103 755
103 117
103 759
103 253
103 255
104 535
104 792
104 284
104 288
104 808
104 553
104 821
104 441
104 959
104 717
104 719
104 472
104 601
104 232
104 745
104 127
105 131
105 134
105 267
105 145
105 532
105 282
105 415
105 931
105 306
105 182
105 196
105 454
105 396
105 741
105 124
105 487
105 111
105 369
105 504
105 252
105 638
106 641
106 645
106 902
106 263
106 274
106 151
106 260
106 155
106 156
106 346
106 548
106 680
106 944
106 566
106 954
106 831
106 544
106 835
106 203
106 207
106 210
106 867
106 341
106 726
106 471
106 345
106 218
106 989
106 736
106 609
106 739
106 360
106 747
106 624
106 122
106 763
107 390
107 660
107 406
107 666
107 158
107 674
107 556
107 561
107 180
107 163
107 869
107 372
107 121
108 491
108 266
108 142
108 530
108 899
108 918
108 151
108 926
108 289
108 162
108 823
108 696
108 953
108 446
108 582
108 329
108 203
108 723
108 919
108 853
108 861
108 379
108 228
108 998
108 359
108 232
108 363
108 372
108 502
108 503
108 123
108 125
109 644
109 394
109 524
109 413
109 162
109 423
109 810
109 556
109 174
109 310
109 444
109 908
109 334
109 341
109 354
109 230
109 572
109 114
109 532
110 513
110 258
110 141
110 277
110 150
110 408
110 294
110 171
110 429
110 445
110 708
110 453
110 716
110 589
110 467
110 466
110 339
110 604
110 618
110 363
110 750
110 112
110 887
110 124
110 510
110 383
111 136
111 653
111 145
111 661
111 282
111 545
111 304
111 697
111 314
111 443
111 576
111 709
111 204
111 974
111 469
111 124
111 880
111 497
111 119
111 762
111 252
111 170
112 257
112 130
112 834
112 792
112 280
112 796
112 797
112 417
112 677
112 166
112 811
112 557
112 179
112 180
112 182
112 948
112 321
112 195
112 848
112 210
112 345
112 224
112 997
112 364
112 373
112 630
112 249
113 135
113 983
113 143
113 529
113 195
113 152
113 580
113 803
113 810
113 171
113 435
113 694
113 436
113 187
113 323
113 327
113 210
113 599
113 232
113 941
113 366
113 296
113 245
114 260
114 775
114 520
114 649
114 141
114 147
114 149
114 663
114 157
114 805
114 841
114 439
114 206
114 335
114 595
114 855
114 728
114 847
114 221
114 353
114 747
114 236
114 541
115 386
115 656
115 402
115 663
115 291
115 175
115 436
115 522
115 757
115 193
115 326
115 603
115 350
115 912
115 496
115 501
115 660
115 127
116 650
116 528
116 286
116 162
116 296
116 291
116 939
116 675
116 697
116 829
116 949
116 320
116 547
116 144
116 613
116 233
116 618
116 748
116 752
116 508
116 126
117 343
117 652
117 399
117 801
117 296
117 171
117 941
117 956
117 599
117 807
117 494
117 626
117 630
118 137
118 275
118 922
118 926
118 676
118 178
118 566
118 582
118 465
118 340
118 420
118 120
119 128
119 643
119 519
119 141
119 146
119 665
119 413
119 288
119 293
119 166
119 431
119 305
119 692
119 180
119 841
119 826
119 318
119 833
119 323
119 630
119 328
119 713
119 313
119 345
119 734
119 229
119 276
119 231
119 779
119 786
119 246
119 248
119 249
119 893
119 127
120 257
120 258
120 390
120 392
120 527
120 792
120 550
120 172
120 174
120 829
120 416
120 374
120 588
120 205
120 514
120 220
120 682
121 788
121 288
121 176
121 163
121 685
121 688
121 821
121 187
121 325
121 473
121 732
121 247
121 511
122 265
122 407
122 152
122 170
122 428
122 184
122 700
122 458
122 290
122 593
122 339
122 340
122 989
122 230
122 360
122 489
122 626
122 377
122 255
123 128
123 136
123 394
123 654
123 143
123 149
123 662
123 152
123 156
123 414
123 288
123 804
123 552
123 796
123 171
123 304
123 825
123 210
123 468
123 736
123 232
123 361
123 747
123 494
123 499
123 502
123 745
123 510
124 904
124 706
124 270
124 159
124 169
124 456
124 204
124 462
124 598
124 346
124 990
124 487
124 244
124 632
124 252
125 640
125 133
125 653
125 398
125 144
125 786
125 403
125 153
125 923
125 157
125 159
125 161
125 294
125 775
125 517
125 946
125 312
125 827
125 970
125 446
125 191
125 704
125 195
125 202
125 203
125 469
125 347
125 606
125 351
125 356
125 877
125 243
125 244
125 245
126 662
126 920
126 931
126 548
126 683
126 692
126 185
126 138
126 334
126 719
126 340
126 348
126 225
126 370
126 627
127 905
127 578
127 540
127 168
127 796
127 311
127 449
127 322
127 580
127 327
127 975
127 853
127 679
127 235
127 628
127 763
127 382
128 901
128 391
128 781
128 528
128 772
128 409
128 541
128 286
128 673
128 189
128 198
128 589
128 398
128 221
128 621
128 884
128 148
129 405
129 150
129 280
129 666
129 159
129 676
129 165
129 299
129 559
129 304
129 693
129 188
129 198
129 327
129 586
129 724
129 729
129 859
129 348
129 848
129 738
129 740
129 620
129 365
129 881
129 250
129 597
130 486
130 426
130 715
130 322
130 817
130 934
130 534
130 265
130 780
130 460
130 798
131 515
131 644
131 134
131 647
131 285
131 368
131 295
131 424
131 427
131 304
131 817
131 950
131 184
131 449
131 328
131 330
131 461
131 208
131 355
131 853
131 727
131 227
131 616
131 875
131 239
131 240
131 745
131 509
132 384
132 197
132 909
132 649
132 962
132 978
132 741
133 261
133 778
133 653
133 655
133 533
133 278
133 517
133 413
133 185
133 826
133 457
133 342
133 735
133 483
133 613
133 241
134 913
134 392
134 619
134 688
134 936
134 334
134 238
134 284
134 463
134 853
135 769
135 646
135 649
135 138
135 653
135 410
135 675
135 292
135 318
135 205
135 209
135 466
135 216
135 224
135 230
135 359
135 235
136 770
136 780
136 525
136 149
136 919
136 925
136 548
136 165
136 909
136 430
136 474
136 351
136 233
136 500
136 634
137 384
137 903
137 420
137 170
137 684
137 686
137 573
137 958
137 452
137 463
137 208
137 853
137 346
137 221
137 235
138 327
138 547
138 168
138 428
138 830
138 200
138 596
138 467
138 983
138 860
139 512
139 400
139 273
139 515
139 276
139 409
139 289
139 163
139 164
139 805
139 317
139 190
139 651
139 673
139 215
139 732
139 612
139 869
139 234
139 240
139 885
139 637
140 601
140 266
140 345
140 436
140 452
140 333
140 473
140 733
140 806
140 623
140 756
140 425
140 889
140 764
140 765
141 396
141 782
141 412
141 160
141 674
141 938
141 683
141 318
141 577
141 161
141 842
141 337
141 210
141 861
141 362
142 259
142 902
142 364
142 401
142 281
142 794
142 669
142 416
142 550
142 298
142 300
142 334
142 482
142 356
142 490
142 765
142 633
142 554
143 288
143 551
143 683
143 432
143 820
143 310
143 185
143 451
143 836
143 713
143 469
143 271
143 865
143 360
143 621
143 238
143 498
143 254
144 768
144 902
144 878
144 555
144 244
144 194
144 327
144 328
144 720
144 468
144 598
144 605
144 238
144 636
144 383
145 645
145 270
145 152
145 281
145 282
145 156
145 773
145 808
145 796
145 427
145 317
145 200
145 466
145 597
145 476
145 479
145 741
146 770
146 771
146 776
146 795
146 413
146 295
146 427
146 305
146 820
146 825
146 186
146 316
146 580
146 965
146 587
146 339
146 991
146 263
146 617
146 878
146 623
146 252
146 639
147 518
147 527
147 657
147 541
147 824
147 187
147 731
147 487
147 497
147 885
147 502
147 250
148 897
148 904
148 655
148 659
148 185
148 190
148 576
148 199
148 337
148 737
148 230
148 614
148 372
149 774
149 396
149 404
149 535
149 408
149 550
149 554
149 171
149 940
149 952
149 309
149 312
149 692
149 955
149 714
149 821
149 321
149 581
149 652
149 206
149 593
149 475
149 655
149 222
149 607
149 356
150 517
150 646
150 785
150 275
150 151
150 154
150 539
150 156
150 925
150 293
150 167
150 425
150 303
150 306
150 734
150 829
150 800
150 451
150 328
150 781
150 995
150 222
150 227
150 872
150 444
151 258
151 650
151 787
151 425
151 181
151 447
151 320
151 198
151 210
151 596
151 213
151 992
152 388
152 598
152 649
152 654
152 161
152 298
152 560
152 718
152 850
152 726
152 474
152 987
152 557
152 876
152 380
153 930
153 771
153 929
153 779
153 295
153 477
153 400
153 396
153 156
154 650
154 658
154 301
154 435
154 311
154 330
154 716
154 525
154 343
154 860
154 478
154 999
154 493
154 247
155 768
155 769
155 393
155 397
155 535
155 536
155 156
155 291
155 549
155 297
155 426
155 940
155 690
155 185
155 445
155 715
155 198
155 993
155 202
155 695
155 216
155 784
155 354
155 871
155 971
155 497
155 498
155 629
155 248
156 640
156 262
156 263
156 271
156 915
156 936
156 172
156 691
156 180
156 701
156 833
156 208
156 221
156 616
156 241
156 379
157 402
157 531
157 662
157 541
157 165
157 551
157 683
157 690
157 197
157 852
157 912
157 488
157 243
157 251
158 772
158 785
158 406
158 794
158 547
158 423
158 295
158 947
158 694
158 571
158 578
158 472
158 992
158 226
158 355
158 871
159 615
159 668
159 466
159 213
159 667
160 545
160 803
160 297
160 171
160 701
160 193
160 708
160 330
160 587
160 344
160 354
160 749
160 751
161 656
161 984
161 409
161 673
161 554
161 312
161 444
161 331
161 589
161 344
161 349
161 990
161 228
161 496
161 639
162 165
162 296
162 177
162 438
162 516
162 838
162 888
163 775
163 906
163 790
163 795
163 418
163 294
163 815
163 820
163 951
163 590
163 213
163 731
163 604
163 349
163 359
163 878
163 243
164 288
164 188
164 842
164 988
164 688
164 659
164 347
164 821
165 675
165 484
165 485
165 169
165 646
165 385
165 304
165 435
165 336
165 793
165 827
166 386
166 263
166 268
166 270
166 421
166 170
166 177
166 312
166 317
166 715
166 711
166 588
166 341
166 733
166 864
166 619
166 367
166 247
166 762
166 635
166 510
167 655
167 784
167 281
167 986
167 417
167 805
167 811
167 186
167 571
167 828
167 573
167 831
167 321
167 450
167 334
167 335
167 852
167 462
167 602
167 349
167 481
167 827
167 746
167 368
167 369
167 499
167 244
167 759
168 281
168 288
168 262
168 431
168 177
168 948
168 444
168 318
168 194
168 579
168 327
168 210
168 851
168 834
168 612
168 759
169 657
169 402
169 663
169 536
169 682
169 824
169 316
169 192
169 205
169 590
169 212
169 602
169 610
170 773
170 390
170 393
170 272
170 273
170 324
170 414
170 901
170 521
170 174
170 945
170 574
170 969
170 458
170 845
170 595
170 250
170 868
170 624
170 702
170 251
171 284
171 415
171 417
171 811
171 317
171 545
171 201
171 984
171 347
171 223
171 874
171 501
171 379
172 769
172 524
172 654
172 529
172 932
172 303
172 311
172 845
172 851
172 342
172 603
172 734
172 994
172 881
172 371
172 638
173 513
173 387
173 526
173 272
173 451
173 921
173 924
173 542
173 197
173 928
173 555
173 292
173 677
173 806
173 425
173 306
173 954
173 799
173 573
173 323
173 908
173 207
173 774
173 219
173 604
173 223
173 608
173 483
173 996
173 370
173 553
173 635
173 380
173 382
174 385
174 395
174 662
174 672
174 933
174 823
174 312
174 193
174 578
174 205
174 333
174 593
174 729
174 351
174 892
175 958
175 522
175 267
175 276
175 789
175 922
175 542
175 420
175 944
175 755
175 956
175 830
175 839
175 546
175 592
175 851
175 213
175 987
175 954
175 990
175 868
175 629
176 896
176 713
176 702
176 884
176 245
176 482
176 441
176 589
177 192
177 880
177 843
177 369
177 392
177 899
177 437
177 496
177 212
177 455
178 832
178 268
178 269
178 985
178 284
178 432
178 935
178 808
178 814
178 437
178 584
178 329
178 461
178 471
178 728
178 420
178 732
178 892
178 511
179 385
179 643
179 598
179 513
179 652
179 919
179 666
179 420
179 182
179 188
179 322
179 204
179 478
179 741
179 625
180 425
180 387
180 484
180 424
180 265
180 430
181 307
181 938
181 270
181 429
181 986
181 529
181 888
181 857
181 442
181 602
181 926
182 259
182 597
182 368
182 550
182 936
182 687
182 950
182 265
182 189
182 199
182 969
182 844
182 338
182 469
182 344
182 601
182 361
182 357
182 750
182 233
182 504
182 380
182 511
183 464
183 773
183 358
183 226
183 797
183 337
183 378
183 215
183 953
183 218
183 542
184 529
184 406
184 801
184 439
184 450
184 581
184 846
184 339
184 489
184 751
184 377
184 638
185 831
185 268
185 553
185 813
185 814
185 694
185 823
185 450
185 339
185 981
185 477
185 481
185 868
185 243
185 762
185 635
186 642
186 772
186 410
186 283
186 285
186 923
186 553
186 556
186 438
186 567
186 442
186 701
186 191
186 960
186 707
186 589
186 335
186 340
186 344
186 474
186 737
186 227
186 872
186 361
186 756
186 374
186 631
186 377
187 242
187 946
187 565
187 710
187 589
187 849
187 468
187 981
187 731
187 619
187 754
187 915
187 894
188 263
188 392
188 265
188 277
188 407
188 284
188 422
188 553
188 555
188 944
188 937
188 575
188 452
188 971
188 725
188 481
188 616
188 879
188 368
188 241
189 365
189 404
189 559
189 289
189 294
189 732
189 303
189 438
189 440
189 692
189 572
189 310
189 200
189 399
189 611
189 485
189 617
189 237
189 622
189 507
189 511
190 962
190 272
190 490
190 306
190 811
190 365
190 509
190 914
190 543
191 912
191 401
191 658
191 790
191 283
191 543
191 293
191 562
191 434
191 436
191 315
191 444
191 332
191 461
191 893
191 382
192 387
192 260
192 394
192 529
192 530
192 798
192 803
192 902
192 320
192 322
192 336
192 349
192 352
192 592
192 994
192 679
192 878
192 507
193 449
193 578
193 996
193 582
193 616
193 809
193 723
193 662
193 249
193 379
194 199
194 359
194 269
194 437
194 635
194 668
194 490
194 254
195 770
195 515
195 649
195 285
195 928
195 299
195 429
195 840
195 700
195 830
195 456
195 980
195 600
195 866
195 238
196 519
196 399
196 401
196 963
196 298
196 953
196 451
196 969
196 336
196 225
196 999
196 620
196 365
196 506
197 777
197 813
197 788
197 260
197 706
197 323
197 204
197 591
197 723
197 212
197 992
197 755
197 250
198 782
198 660
198 308
198 326
198 338
198 217
198 858
198 992
198 363
198 493
198 371
198 248
199 324
199 340
199 355
199 527
199 668
200 267
200 271
200 480
200 325
200 326
200 839
200 977
200 466
200 853
200 224
200 610
200 483
200 998
200 742
200 487
200 871
200 505
200 767
201 517
201 263
201 270
201 274
201 408
201 667
201 412
201 291
201 804
201 303
201 434
201 311
201 446
201 835
201 326
201 677
201 382
202 931
202 945
202 604
202 760
202 210
202 373
202 330
203 386
203 492
203 524
203 289
203 934
203 423
203 558
203 698
203 326
203 585
203 974
203 464
203 467
203 229
204 256
204 258
204 231
204 935
204 784
204 232
204 309
204 407
204 472
205 651
205 920
205 236
205 987
205 235
205 241
205 283
205 657
206 896
206 261
206 271
206 901
206 291
206 558
206 562
206 819
206 564
206 948
206 736
206 452
206 329
206 216
206 473
206 480
206 368
206 758
206 379
206 893
207 261
207 390
207 794
207 422
207 694
207 289
207 456
207 219
207 995
207 500
207 758
207 508
208 642
208 392
208 275
208 681
208 967
208 649
208 455
208 726
208 984
208 858
208 745
208 748
208 759
209 512
209 260
209 620
209 424
209 332
209 746
209 237
209 816
209 678
209 361
209 255
210 571
210 940
210 343
210 684
210 573
210 859
210 532
210 715
210 264
211 618
211 231
211 685
211 464
211 888
211 313
211 667
211 414
212 548
212 506
212 641
212 296
212 236
212 569
212 474
212 530
212 223
213 262
213 910
213 792
213 560
213 290
213 304
213 561
213 567
213 569
213 574
213 577
213 324
213 802
213 849
213 855
213 225
213 995
213 358
213 746
213 502
213 506
214 384
214 676
214 809
214 317
214 505
214 474
214 373
215 642
215 262
215 397
215 400
215 788
215 537
215 923
215 927
215 557
215 566
215 445
215 374
215 376
216 640
216 769
216 388
216 779
216 526
216 400
216 275
216 404
216 696
216 314
216 827
216 573
216 702
216 456
216 849
216 846
216 598
216 984
216 484
216 603
216 994
216 357
216 489
216 234
216 626
216 630
217 256
217 514
217 273
217 658
217 298
217 941
217 310
217 440
217 443
217 722
217 221
217 955
217 360
217 254
218 258
218 586
218 485
218 561
218 268
218 337
218 949
218 896
219 777
219 622
219 927
219 293
219 298
219 566
219 952
219 955
219 959
219 833
219 709
219 840
219 586
219 339
219 347
219 478
219 677
219 363
219 236
219 494
219 701
219 496
219 758
219 246
219 253
220 515
220 677
220 897
220 297
220 714
220 493
220 432
220 631
220 891
220 957
221 481
221 433
221 362
221 462
221 232
221 243
221 316
222 438
222 871
222 824
222 531
222 754
222 248
222 441
222 602
222 752
222 576
223 384
223 514
223 731
223 868
223 470
223 813
223 538
223 571
224 610
224 859
224 817
224 689
224 274
224 409
224 575
224 468
224 261
225 565
225 864
225 488
225 331
225 242
225 513
225 281
225 824
225 570
225 287
225 897
226 642
226 825
226 463
226 464
226 472
226 373
226 248
226 795
226 728
227 642
227 514
227 548
227 808
227 317
227 833
227 848
227 603
227 351
227 353
227 749
227 623
228 290
228 237
228 949
228 438
228 869
228 354
228 397
228 412
228 254
228 645
229 263
229 421
229 807
229 424
229 316
229 451
229 866
229 377
229 625
229 370
229 375
229 249
230 942
230 231
230 785
230 979
230 686
231 922
231 433
231 955
231 450
231 708
231 329
231 586
231 471
231 234
231 627
231 332
231 891
232 854
232 454
232 621
232 594
232 630
232 381
232 624
232 572
233 928
233 981
233 709
233 361
233 394
233 720
233 757
233 825
233 925
233 414
234 646
234 270
234 282
234 670
234 415
234 690
234 980
234 271
234 996
234 363
234 366
234 639
235 781
235 405
235 410
235 411
235 669
235 298
235 941
235 310
235 572
235 317
235 959
235 577
235 340
235 353
235 486
235 621
235 245
235 251
236 900
236 357
236 305
236 905
236 395
236 398
236 272
236 666
237 385
237 644
237 909
237 287
237 811
237 304
237 729
237 992
237 360
237 362
237 620
237 246
237 253
238 528
238 259
238 301
238 434
238 608
238 591
238 671
238 255
239 257
239 399
239 402
239 794
239 430
239 431
239 314
239 843
239 397
239 467
239 598
239 442
239 610
239 616
239 494
239 404
239 254
240 388
240 535
240 281
240 673
240 933
240 264
240 306
240 435
240 394
240 981
240 471
240 349
240 734
240 744
240 893
240 767
241 671
241 487
241 467
241 528
241 988
241 259
241 631
241 932
241 623
241 670
241 325
242 864
242 955
242 358
242 359
242 307
242 810
242 697
242 509
242 760
242 313
242 477
243 384
243 771
243 787
243 279
243 792
243 538
243 290
243 275
243 546
243 997
243 361
243 754
243 499
243 892
243 638
244 576
244 662
244 999
244 622
245 689
245 332
245 302
245 980
245 950
245 951
246 386
246 399
246 419
246 426
246 306
246 324
246 342
246 862
246 480
246 482
246 879
246 254
247 801
247 867
247 470
247 677
248 256
248 932
248 920
248 329
248 789
248 280
248 468
248 538
248 421
249 262
249 449
249 393
249 401
249 921
249 664
249 679
249 297
249 310
249 961
249 964
249 327
249 456
249 335
249 848
249 597
249 733
249 486
249 273
249 621
249 502
249 703
250 704
250 832
250 519
250 463
250 531
250 873
250 996
250 699
250 861
250 730
250 751
251 865
251 443
251 396
251 355
251 312
251 314
251 252
251 447
252 847
252 327
252 334
252 718
252 670
253 913
253 518
253 818
253 433
253 400
253 376
253 626
253 436
253 270
254 688
254 739
254 453
254 519
254 737
254 331
254 645
254 409
254 540
254 549
255 532
255 665
255 419
255 424
255 555
255 562
255 819
255 316
255 650
255 309
255 458
255 338
255 852
255 343
255 353
255 995
255 485
255 700
255 618
255 496
255 680
255 400
255 376
255 761
256 912
256 277
256 409
256 537
256 286
256 290
256 430
256 926
256 832
256 840
256 337
256 729
256 474
256 882
256 596
256 509
257 611
257 644
257 935
257 264
257 809
257 430
257 563
257 633
257 442
257 783
258 835
258 358
258 563
258 756
258 982
258 980
258 634
258 286
259 385
259 902
259 269
259 533
259 807
259 433
259 822
259 439
259 569
259 717
259 975
259 851
259 351
259 876
259 762
260 977
260 579
260 907
260 273
260 274
260 372
260 280
260 997
260 796
260 990
260 863
261 404
261 666
261 553
261 817
261 562
261 950
261 830
261 835
261 585
261 348
261 295
261 882
262 884
262 824
263 833
263 807
263 300
263 319
264 483
264 678
264 422
264 897
264 492
264 336
264 344
264 927
264 380
264 350
265 324
265 487
265 427
265 883
265 443
265 538
266 644
266 783
266 816
266 650
266 709
266 838
266 583
266 597
266 855
266 993
266 368
266 889
267 354
267 738
268 512
268 389
268 403
268 316
268 966
268 455
268 589
268 595
268 470
268 983
268 600
268 359
268 622
268 497
268 890
269 977
269 434
269 963
269 280
269 283
269 350
270 752
270 862
270 325
270 971
270 528
270 982
270 793
270 350
271 768
271 993
271 549
271 907
271 793
271 409
271 754
271 411
271 906
271 414
272 544
272 897
272 612
272 807
272 297
272 796
273 898
273 545
273 584
273 333
273 942
273 466
273 886
273 786
273 379
273 650
273 881
274 513
274 738
274 392
274 875
274 718
274 696
274 905
274 344
274 539
275 684
275 462
275 367
275 855
275 281
275 989
276 771
276 516
276 815
276 681
276 429
276 305
276 568
276 701
276 602
276 608
276 360
276 829
276 372
277 320
277 603
277 861
277 872
277 782
277 979
277 340
277 405
277 312
277 506
277 766
278 647
278 531
278 918
278 985
278 927
278 558
278 833
278 581
278 583
278 841
278 336
278 338
278 398
278 485
278 483
278 484
278 613
278 762
279 741
279 656
279 690
279 309
279 417
279 381
280 928
280 712
280 371
280 636
281 325
281 358
281 813
281 884
281 501
281 312
281 721
281 926
282 499
282 679
282 298
282 815
282 691
282 315
282 960
282 457
282 980
282 398
282 655
282 747
282 749
282 627
283 352
283 576
283 538
283 571
283 913
283 307
283 466
283 689
283 341
283 318
284 850
284 907
284 330
284 786
284 494
284 560
284 696
284 889
284 618
285 395
285 496
285 547
285 900
285 408
285 708
286 914
286 920
286 413
286 544
286 677
286 299
286 303
286 372
286 585
286 463
286 980
286 719
286 486
287 644
287 645
287 769
287 520
287 405
287 534
287 674
287 648
287 308
287 694
287 952
287 444
287 575
287 321
287 451
287 594
287 363
287 366
288 721
288 305
288 795
288 491
288 369
288 308
288 478
288 406
288 381
288 446
288 607
289 768
289 514
289 776
289 780
289 418
289 681
289 559
289 606
289 454
289 586
289 674
289 592
289 852
289 975
289 734
289 374
289 766
290 385
290 387
290 713
290 624
290 443
290 508
291 301
291 783
291 373
291 873
291 474
291 947
292 609
292 802
292 634
292 740
292 424
292 521
292 753
292 469
292 745
292 953
292 335
293 416
293 582
293 844
293 700
293 492
293 837
293 755
294 895
294 905
294 786
294 405
294 672
294 551
294 296
294 814
294 838
294 482
294 612
294 957
294 757
294 891
294 383
295 937
295 364
295 557
295 689
295 987
296 909
296 526
296 299
296 945
296 823
296 571
296 970
296 713
296 332
296 845
296 752
296 370
297 929
297 421
297 393
297 767
297 969
297 830
297 570
297 574
297 351
298 799
298 651
298 568
298 492
298 529
298 415
299 911
299 593
299 788
299 734
299 790
299 674
299 666
299 890
299 865
300 533
300 416
300 943
300 315
300 839
300 590
300 847
300 467
300 994
300 744
300 876
300 753
300 632
300 378
300 380
301 732
301 822
301 525
301 566
301 755
301 355
301 427
301 930
302 928
302 900
302 350
302 433
302 520
302 551
302 498
302 697
302 442
302 607
303 897
303 900
303 929
303 618
303 861
303 944
304 645
304 897
304 523
304 749
304 913
304 546
304 717
304 722
304 473
304 425
304 363
304 623
304 759
305 743
305 384
305 863
306 352
306 385
306 578
306 342
306 491
306 492
306 579
306 964
306 946
306 319
307 418
307 630
307 335
307 855
307 472
308 676
308 426
308 331
308 381
308 942
308 699
309 815
309 643
309 860
309 367
309 368
309 691
309 473
309 699
309 557
310 482
310 806
310 348
310 426
310 873
310 908
310 376
311 442
312 967
312 623
312 504
313 389
313 871
313 948
313 725
313 697
313 635
314 783
314 766
314 891
314 519
314 941
314 696
314 686
314 828
314 574
315 403
315 668
315 415
315 569
315 582
315 993
315 456
315 479
315 353
315 354
315 362
315 619
315 763
316 737
316 354
316 740
316 865
316 876
316 661
316 332
316 347
317 576
317 609
317 482
317 465
317 329
317 557
317 434
317 657
317 929
317 764
317 671
318 673
318 514
318 517
318 711
318 440
318 706
319 969
319 371
319 844
319 679
319 695
319 954
319 341
320 710
320 330
320 450
320 628
320 726
320 445
320 399
321 483
321 708
321 683
321 392
321 778
321 689
321 777
321 810
321 538
322 871
322 980
322 622
323 418
323 707
323 580
323 458
323 591
323 564
323 514
323 797
323 975
324 494
324 537
324 527
325 512
325 982
325 531
325 542
325 679
325 938
325 940
325 957
325 960
325 711
325 460
325 591
325 598
325 990
325 609
326 418
326 748
326 369
326 883
326 575
327 676
327 391
327 687
327 442
328 641
328 518
328 778
328 525
328 529
328 491
328 813
328 570
328 906
328 729
328 988
328 743
328 747
328 749
328 367
328 627
328 632
328 765
329 776
329 394
329 661
329 537
329 549
329 453
329 848
329 355
329 359
329 886
329 631
329 894
330 834
330 457
330 430
330 448
330 881
330 338
330 883
330 372
330 745
330 394
331 911
331 835
331 568
331 761
331 349
332 961
332 493
333 930
333 357
333 465
333 921
333 615
333 965
333 735
334 547
334 817
334 923
334 511
335 518
335 599
335 656
335 352
335 609
335 439
335 760
335 660
335 476
335 478
336 678
336 663
336 456
336 856
336 505
336 765
337 760
337 966
337 521
337 873
337 861
337 986
337 465
337 864
337 447
338 740
338 391
338 720
338 596
339 758
339 743
339 605
339 970
339 593
339 917
339 345
339 604
339 381
339 926
340 503
340 730
340 970
340 816
341 903
341 654
341 912
341 658
341 918
341 420
341 807
341 947
341 574
341 709
341 719
341 994
341 750
341 630
341 376
342 939
342 484
342 973
342 427
342 750
342 815
342 496
342 913
342 965
343 607
343 459
343 624
343 470
343 440
343 575
344 409
344 571
344 387
344 917
344 407
344 537
344 418
344 419
344 678
344 705
344 834
344 453
344 966
344 716
344 847
344 348
344 735
344 611
344 742
344 489
345 387
345 804
345 874
345 659
346 357
346 390
346 605
346 948
346 887
346 783
346 799
347 845
347 882
347 500
347 441
347 447
348 802
348 712
348 534
348 703
348 389
349 453
349 399
349 825
350 353
350 784
350 489
350 958
350 575
351 866
351 363
351 784
352 635
352 612
352 869
352 906
352 430
352 879
352 595
352 943
352 860
353 800
353 740
353 583
353 658
353 967
353 807
354 423
354 658
354 426
355 609
355 913
355 365
355 374
355 860
356 897
356 395
356 813
356 790
356 884
356 443
356 848
356 726
356 399
356 358
356 364
356 500
357 535
357 809
357 682
357 558
357 563
357 448
357 602
357 606
357 613
357 370
357 627
357 629
358 476
358 791
358 621
358 568
358 946
358 415
359 562
359 782
359 559
359 660
359 441
359 818
359 572
360 448
361 688
361 642
361 839
361 883
361 505
361 888
361 703
362 491
362 836
362 774
362 422
362 761
362 591
362 732
363 548
363 585
363 661
363 793
364 814
364 780
364 945
364 449
364 862
365 800
365 808
365 724
365 835
365 867
365 543
366 452
366 645
366 487
366 813
366 786
366 574
367 942
367 817
367 972
367 846
367 659
367 530
367 664
367 985
367 899
367 826
368 674
368 742
368 556
368 600
368 882
368 692
368 938
369 886
369 593
369 753
369 463
369 374
369 792
370 977
371 517
371 551
371 974
372 419
372 421
372 679
372 594
372 414
372 698
372 938
372 661
373 612
373 486
373 492
373 429
373 381
373 504
373 375
373 996
373 636
374 705
374 905
374 394
374 430
374 798
374 872
374 507
374 892
374 378
374 734
374 735
375 484
375 873
375 720
375 378
376 998
376 904
376 656
376 964
376 731
377 518
377 647
377 522
377 523
377 528
377 659
377 552
377 460
377 717
377 468
377 612
377 497
377 639
378 425
378 627
378 617
378 393
378 816
378 888
378 820
378 405
378 760
378 458
379 676
379 965
379 460
379 888
380 945
380 450
380 391
380 520
380 514
380 730
381 699
381 460
381 499
381 793
381 632
381 532
381 509
381 477
382 572
382 420
382 485
382 842
382 623
382 594
382 502
382 728
382 505
382 442
382 797
383 795
383 764
383 714
383 423
383 511
383 778
384 397
384 911
384 944
384 917
384 791
384 703
385 848
385 481
385 422
385 402
385 688
385 693
385 631
385 475
385 880
385 574
386 561
386 648
386 764
386 742
386 929
386 465
386 404
387 659
387 865
387 778
387 587
387 767
388 961
388 423
388 616
388 685
388 991
389 706
389 908
389 911
389 563
389 819
389 408
389 826
389 606
390 460
391 480
391 611
391 811
391 637
391 832
392 653
392 890
393 583
393 556
393 634
394 825
394 434
394 533
395 530
396 965
396 465
396 839
396 979
396 820
396 856
396 410
396 980
396 698
396 670
397 491
397 903
397 917
397 890
398 403
398 536
398 671
398 431
398 688
398 821
398 441
398 474
398 423
398 751
398 498
398 628
398 634
399 832
399 449
399 460
399 973
399 851
399 508
399 608
400 740
400 876
400 606
401 570
401 424
401 540
401 491
401 524
401 975
401 755
401 756
401 787
401 410
401 830
402 904
402 986
402 434
402 884
402 408
402 857
402 640
402 725
403 748
403 615
403 452
403 639
404 925
404 779
404 517
404 816
404 693
404 415
405 457
405 935
405 551
405 623
405 752
405 951
405 468
405 695
405 628
406 515
406 745
406 940
406 565
407 577
407 419
407 740
407 744
407 848
408 866
408 546
408 685
408 593
408 968
408 425
408 411
408 501
409 455
409 563
410 544
410 836
410 810
410 677
410 860
411 494
411 790
411 599
411 732
412 974
412 911
412 786
412 969
413 674
413 488
413 598
413 553
413 879
413 476
413 426
413 421
414 895
414 521
414 660
414 672
414 564
414 438
414 697
414 461
414 599
414 870
414 620
414 633
414 767
415 827
415 560
415 856
415 473
415 602
416 692
416 744
416 759
416 661
416 532
416 617
416 505
416 799
416 556
416 989
417 644
417 781
417 924
417 862
417 990
417 478
417 695
417 570
417 702
417 706
417 734
417 752
417 634
417 766
418 866
418 461
418 654
419 673
419 516
419 990
419 976
419 846
419 668
419 894
420 803
420 804
420 625
420 542
420 730
421 631
421 969
422 850
422 696
423 554
423 783
423 504
423 886
424 973
424 760
425 803
425 723
425 859
426 944
426 934
427 800
427 550
427 600
427 761
427 635
427 797
428 868
428 854
428 665
429 520
429 844
430 769
430 911
430 532
430 797
430 678
430 812
430 952
430 697
430 612
430 614
430 615
430 887
431 459
431 541
431 790
432 699
432 648
432 636
432 631
432 738
432 786
432 778
432 503
432 847
432 474
433 651
433 939
433 434
433 821
433 449
433 968
433 970
433 469
433 480
433 629
433 632
433 506
433 892
434 779
434 509
434 687
434 540
435 526
435 454
435 481
435 554
435 811
435 501
435 988
435 671
436 707
436 783
436 708
436 911
437 849
437 872
437 723
437 982
437 763
437 575
438 833
438 719
438 836
438 539
439 961
439 818
439 570
439 638
440 707
440 550
440 613
440 879
440 664
440 815
440 479
441 815
441 962
441 781
441 792
441 604
442 910
442 746
442 925
443 731
443 982
443 557
443 563
443 628
443 664
443 894
444 770
444 662
444 669
444 547
444 558
444 562
444 565
444 826
444 836
444 720
444 596
444 601
444 986
444 614
445 475
445 540
445 818
445 499
445 756
445 736
446 989
446 861
446 754
446 824
447 584
447 937
447 559
447 629
448 930
448 791
448 506
449 627
449 519
449 875
449 566
449 977
450 657
450 695
450 763
450 666
451 744
451 502
451 579
451 909
451 981
452 806
452 825
452 767
453 544
453 898
453 710
453 492
453 556
453 754
453 699
454 546
454 486
454 614
454 599
455 512
455 467
455 790
455 751
456 647
456 523
456 527
456 963
456 724
456 853
456 471
456 591
456 993
456 620
456 495
456 629
456 639
457 922
457 758
457 863
458 490
458 916
458 502
459 521
459 749
459 750
459 912
459 543
459 507
460 974
460 583
460 680
460 972
460 461
460 818
460 883
460 789
460 954
460 607
461 870
461 874
461 920
461 669
462 998
462 669
462 977
462 595
462 952
462 665
463 672
463 771
463 615
463 985
463 804
463 568
463 580
464 801
464 812
465 695
466 583
466 930
466 814
466 601
467 792
467 872
467 668
467 471
467 536
467 476
467 873
468 704
468 834
468 904
468 953
468 604
468 542
468 543
469 675
469 927
470 870
470 839
470 757
470 662
472 752
472 830
472 837
472 489
472 688
472 552
472 585
472 746
473 723
474 845
474 536
474 560
474 764
474 766
474 703
475 995
475 978
475 499
475 500
476 646
476 957
476 875
476 717
477 488
478 896
478 539
478 705
478 744
478 553
478 554
478 780
478 749
478 823
478 653
479 523
479 835
479 708
480 932
480 881
480 972
480 725
480 507
480 850
481 846
481 573
481 543
482 800
482 903
482 770
483 640
483 868
483 581
483 587
483 658
483 613
483 849
483 641
483 830
484 851
484 509
485 832
485 712
485 805
485 636
486 741
486 970
486 720
486 787
486 558
486 703
487 582
487 561
487 678
487 495
487 789
487 719
488 618
488 711
488 529
488 594
488 545
488 628
488 590
488 773
489 802
489 519
489 682
489 631
489 685
489 976
489 625
489 543
490 555
490 729
491 549
491 806
491 797
492 803
492 613
492 528
492 669
493 577
493 521
493 966
493 810
493 973
493 937
495 899
495 964
495 700
495 498
495 816
495 659
495 912
495 793
495 931
495 956
495 517
496 891
496 776
496 660
497 740
497 522
498 811
498 590
499 551
499 846
499 579
500 600
501 820
501 829
502 816
502 854
502 664
503 895
503 601
503 840
503 757
503 693
503 506
503 639
503 698
503 581
504 515
504 624
504 857
505 611
505 840
505 837
506 820
506 582
506 609
506 743
506 812
506 559
506 772
507 872
507 618
507 766
508 673
508 968
508 567
508 726
509 993
509 719
510 806
510 776
510 658
510 559
510 832
511 960
511 770
511 689
511 731
512 672
512 816
512 579
512 688
512 626
512 748
512 924
512 991
513 866
513 550
513 523
513 916
513 527
513 575
514 896
514 856
515 710
515 716
515 685
515 718
516 704
516 933
516 910
516 691
516 972
516 654
516 925
517 928
517 676
517 572
517 741
518 544
518 938
518 882
519 611
520 640
520 749
521 800
521 661
521 666
522 787
523 613
523 753
523 818
523 883
523 701
523 702
524 633
525 665
526 634
527 549
527 804
527 729
527 644
528 615
528 909
528 973
529 615
530 672
530 929
530 925
531 739
531 583
531 887
531 537
532 616
532 896
532 684
532 693
532 568
533 610
533 615
533 808
533 685
533 853
533 764
534 795
534 880
534 671
535 658
535 764
536 626
537 631
537 782
537 943
537 888
537 967
537 702
539 682
539 941
539 691
540 739
540 555
540 718
540 931
540 637
541 851
542 738
542 552
542 922
543 919
543 719
543 898
543 884
543 637
544 854
544 596
544 700
545 786
546 579
546 784
547 641
547 957
547 551
547 877
547 941
548 903
548 915
548 919
548 796
548 639
549 863
550 580
550 648
550 974
550 789
550 921
551 638
551 854
551 574
552 603
552 769
552 910
552 722
553 999
553 555
553 974
553 765
553 597
555 778
555 598
555 770
555 735
556 597
556 746
556 703
557 809
557 842
557 567
557 634
557 565
558 705
558 559
558 675
559 569
559 601
559 605
559 859
560 763
561 908
562 624
562 835
562 619
562 757
563 646
563 680
563 610
563 600
564 736
564 595
565 603
565 900
565 609
565 584
565 874
565 632
566 715
567 651
567 743
567 680
567 859
568 685
568 690
568 597
568 932
568 764
568 733
569 588
569 809
571 608
571 713
571 906
571 727
572 588
572 626
572 873
572 728
573 614
573 604
573 895
574 957
574 646
574 684
574 911
574 663
574 956
574 650
575 669
575 853
575 696
575 637
576 902
576 683
576 675
576 633
577 607
577 727
577 858
578 718
579 837
579 873
579 605
580 749
581 585
581 785
581 750
582 802
582 733
582 927
583 592
584 896
584 884
584 663
584 766
585 832
585 774
585 593
585 633
585 957
586 667
586 945
586 785
586 629
587 923
587 603
588 868
588 758
589 842
589 824
589 729
589 668
590 768
590 673
590 652
592 928
592 981
592 697
592 879
593 802
593 689
593 665
594 968
594 999
595 930
595 710
595 725
595 602
596 864
596 936
596 796
596 819
597 643
597 711
597 816
597 789
598 889
599 740
599 873
600 972
600 728
600 991
601 865
601 996
601 901
601 841
602 654
602 795
603 833
603 684
603 983
603 665
603 703
605 676
605 657
606 652
606 981
607 899
607 750
607 653
607 944
607 931
607 722
607 828
607 702
608 920
609 724
609 921
610 945
610 703
611 912
611 741
611 880
612 709
612 712
613 871
613 981
613 721
613 693
613 919
613 730
614 777
615 834
616 751
618 714
618 754
619 894
620 777
620 624
620 790
621 854
621 798
621 831
622 683
623 625
623 716
623 711
623 697
624 864
624 682
624 940
624 978
625 711
627 968
627 760
628 837
628 937
628 955
628 707
628 662
628 858
628 764
630 684
631 772
631 924
631 699
631 826
632 705
632 988
632 886
632 969
633 770
634 712
635 643
635 996
635 779
635 684
635 785
635 921
635 861
636 962
636 946
636 705
636 877
636 648
636 948
637 945
637 916
637 693
637 662
638 648
638 855
638 757
639 793
639 671
640 768
640 674
640 933
640 939
640 780
640 800
640 687
640 954
640 891
641 804
641 838
641 967
641 972
641 965
641 735
642 934
642 743
644 720
644 705
644 894
645 978
646 705
646 802
646 811
646 652
647 761
647 958
647 885
648 964
648 679
650 958
650 935
652 657
652 671
653 771
654 906
654 670
655 842
655 761
655 700
655 954
656 832
656 995
656 708
656 685
657 993
657 957
657 939
657 910
658 736
658 958
658 663
658 724
659 752
659 756
659 952
659 900
659 687
660 738
660 670
661 716
661 880
662 674
662 828
662 685
663 751
663 722
664 833
664 720
666 704
666 669
667 993
667 783
667 921
667 924
667 842
667 926
668 885
668 746
669 703
670 827
670 715
670 757
670 758
670 731
671 953
672 994
672 875
673 838
673 865
673 812
673 817
673 882
674 876
674 707
676 870
676 912
678 744
678 929
678 863
679 867
679 983
680 779
680 875
682 993
684 852
684 735
685 721
685 999
685 819
686 962
686 747
686 763
687 871
687 995
687 747
688 964
689 820
689 728
691 737
691 901
691 818
691 848
692 963
693 914
693 954
693 927
694 994
694 838
694 762
694 844
694 720
694 822
694 764
694 733
695 987
695 882
695 794
695 858
696 916
696 725
697 712
697 936
697 824
697 986
698 801
698 814
698 943
699 919
700 864
700 809
701 755
702 840
702 812
702 757
702 887
702 787
703 776
703 991
704 739
704 788
706 963
706 772
706 966
708 870
708 748
708 917
709 875
709 730
709 789
710 976
710 856
710 766
711 737
711 937
711 921
712 766
713 773
714 855
714 914
714 987
714 798
715 855
717 938
717 908
720 907
720 820
720 731
720 863
721 796
723 882
723 799
724 932
724 976
724 870
725 848
726 944
726 805
726 761
726 895
727 992
727 905
728 900
729 996
729 938
729 765
730 866
731 903
731 977
731 988
732 918
733 860
733 759
733 850
733 836
736 788
737 862
737 854
738 878
739 969
739 858
739 891
740 965
740 806
741 822
742 901
744 952
745 806
747 805
747 883
748 775
749 949
750 963
750 910
750 940
752 924
753 966
753 877
753 798
755 948
755 825
756 903
757 962
757 810
759 840
759 919
759 856
760 771
760 987
761 995
762 961
762 785
762 824
763 883
764 931
765 888
766 805
766 915
768 980
768 791
769 780
769 946
770 828
771 845
771 950
772 782
772 847
773 916
774 880
775 818
777 916
780 794
784 979
785 928
787 794
788 903
789 842
789 918
790 866
791 820
791 918
792 823
793 861
793 894
794 983
795 893
795 810
796 869
798 950
801 867
801 839
801 985
802 923
803 830
804 807
804 855
804 959
805 923
805 860
806 938
806 847
806 822
806 985
807 896
807 936
807 874
808 972
808 953
809 867
809 877
809 852
809 862
810 817
810 841
811 830
812 979
813 860
815 872
817 907
817 877
817 955
818 822
820 846
820 835
822 987
822 925
822 926
824 826
825 976
825 988
826 854
828 931
828 838
829 977
829 847
829 949
830 920
830 883
832 891
833 849
833 890
834 978
835 908
836 862
838 918
839 857
840 869
842 940
843 998
843 892
844 890
845 914
846 934
848 867
850 984
852 924
855 927
857 933
857 972
857 973
857 987
860 976
862 871
865 878
865 947
866 966
866 982
868 962
869 886
870 913
871 876
876 968
876 954
877 999
877 885
877 917
878 997
878 998
880 909
882 900
887 889
890 947
894 935
894 910
895 999
895 909
895 920
896 989
900 949
901 937
901 914
901 938
903 934
906 970
906 936
907 971
910 935
913 922
914 929
915 991
916 930
917 982
918 984
921 997
921 970
923 983
924 929
928 976
931 979
932 998
944 950
946 960
948 959
955 995
958 976
972 984
