0 192
0 3
0 4
0 941
0 333
0 399
0 127
1 257
1 3
1 4
1 5
1 10
1 141
1 15
1 656
1 999
1 23
1 25
1 26
1 28
1 31
1 676
1 417
1 546
1 36
1 934
1 41
1 554
1 46
1 605
1 946
1 388
1 310
1 329
1 58
1 522
1 65
1 578
1 195
1 694
1 204
1 331
1 76
1 82
1 595
1 980
1 548
1 92
1 93
1 613
1 227
1 485
1 103
1 875
1 492
1 749
1 883
1 372
1 504
1 123
2 3
2 5
2 6
2 7
2 8
2 652
2 533
2 24
2 541
2 288
2 163
2 38
2 937
2 298
2 685
2 564
2 53
2 573
2 958
2 693
2 12
2 597
2 215
2 218
2 110
2 753
2 119
2 762
2 764
2 895
3 4
3 5
3 6
3 7
3 8
3 9
3 10
3 11
3 12
3 14
3 17
3 18
3 19
3 23
3 28
3 541
3 32
3 35
3 47
3 48
3 51
3 565
3 55
3 68
3 79
3 81
3 86
3 599
3 612
3 90
3 611
3 100
3 616
3 105
3 108
3 109
3 622
3 623
3 636
3 131
3 134
3 135
3 664
3 160
3 710
3 882
3 700
3 180
3 181
3 697
3 188
3 702
3 197
3 198
3 717
3 207
3 208
3 721
3 210
3 725
3 220
3 733
3 222
3 740
3 743
3 751
3 754
3 244
3 252
3 767
3 263
3 783
3 789
3 800
3 299
3 316
3 323
3 567
3 228
3 862
3 352
3 356
3 869
3 359
3 362
3 370
3 885
3 897
3 911
3 912
3 923
3 437
3 950
3 672
3 451
3 974
3 989
4 726
4 6
4 7
4 395
4 533
4 13
4 15
4 16
4 739
4 405
4 278
4 23
4 819
4 283
4 964
4 29
4 768
4 159
4 35
4 164
4 293
4 679
4 680
4 41
4 170
4 427
4 175
4 385
4 49
4 434
4 691
4 52
4 54
4 183
4 59
4 316
4 714
4 324
4 328
4 202
4 938
4 974
4 463
4 338
4 211
4 981
4 470
4 345
4 602
4 911
4 220
4 736
4 97
4 226
4 99
4 996
4 935
4 624
4 936
4 245
4 247
4 121
4 762
4 125
4 254
4 383
5 128
5 277
5 929
5 769
5 9
5 10
5 11
5 14
5 15
5 814
5 18
5 21
5 22
5 154
5 27
5 30
5 159
5 673
5 34
5 433
5 40
5 42
5 199
5 940
5 242
5 558
5 861
5 49
5 709
5 606
5 138
5 137
5 569
5 266
5 443
5 61
5 62
5 629
5 458
5 577
5 706
5 580
5 69
5 838
5 71
5 716
5 74
5 204
5 205
5 719
5 336
5 301
5 348
5 442
5 94
5 95
5 480
5 98
5 102
5 104
5 233
5 610
5 365
5 990
5 758
5 114
5 243
5 116
5 373
5 502
5 763
5 418
5 149
6 641
6 906
6 140
6 20
6 921
6 793
6 27
6 28
6 29
6 30
6 672
6 36
6 113
6 296
6 284
6 967
6 45
6 46
6 50
6 948
6 953
6 71
6 79
6 212
6 89
6 100
6 796
6 434
6 112
6 241
6 632
6 250
7 8
7 398
7 912
7 260
7 32
7 420
7 295
7 688
7 50
7 567
7 313
7 446
7 64
7 452
7 469
7 57
7 860
7 93
7 479
7 352
7 613
7 118
7 126
7 383
8 9
8 138
8 11
8 268
8 13
8 19
8 532
8 917
8 26
8 286
8 32
8 419
8 164
8 38
8 168
8 42
8 429
8 50
8 56
8 314
8 63
8 323
8 454
8 460
8 909
8 824
8 83
8 340
8 853
8 342
8 727
8 88
8 736
8 994
8 751
8 211
8 373
8 852
8 121
8 381
8 127
9 265
9 24
9 530
9 151
9 536
9 410
9 155
9 547
9 423
9 557
9 952
9 825
9 190
9 329
9 848
9 82
9 85
9 865
9 738
9 995
9 228
9 743
9 104
9 490
9 748
9 493
9 879
9 368
9 488
9 251
10 132
10 70
10 517
10 45
10 79
10 677
10 852
10 729
10 516
10 474
10 91
10 621
10 190
10 133
11 900
11 172
11 12
11 13
11 14
11 16
11 17
11 276
11 152
11 25
11 261
11 33
11 802
11 37
11 39
11 40
11 176
11 44
11 303
11 48
11 49
11 564
11 54
11 713
11 824
11 927
11 816
11 396
11 74
11 397
11 722
11 84
11 88
11 89
11 992
11 998
11 273
11 679
11 755
11 249
11 831
12 481
12 44
12 66
12 494
12 16
12 915
12 921
12 319
13 898
13 645
13 778
13 140
13 782
13 920
13 146
13 24
13 773
13 931
13 425
13 682
13 559
13 304
13 305
13 690
13 52
13 443
13 581
13 712
13 76
13 78
13 81
13 987
13 479
13 482
13 870
14 512
14 902
14 903
14 648
14 394
14 142
14 17
14 18
14 19
14 20
14 21
14 22
14 363
14 544
14 803
14 41
14 967
14 44
14 174
14 308
14 53
14 186
14 699
14 835
14 69
14 327
14 334
14 850
14 84
14 90
14 92
14 97
14 870
14 102
14 872
14 107
14 886
14 558
14 255
15 776
15 650
15 397
15 644
15 659
15 148
15 537
15 388
15 671
15 33
15 34
15 804
15 38
15 296
15 169
15 170
15 181
15 54
15 312
15 185
15 834
15 67
15 325
15 207
15 467
15 598
15 57
15 476
15 360
15 117
15 20
15 253
16 68
16 299
16 39
16 40
16 593
16 520
16 115
16 21
16 406
16 25
16 698
16 315
16 231
17 512
17 716
17 134
17 525
17 145
17 515
17 22
17 657
17 793
17 666
17 415
17 800
17 560
17 35
17 36
17 421
17 295
17 909
17 681
17 939
17 430
17 48
17 693
17 56
17 628
17 188
17 957
17 574
17 992
17 68
17 457
17 586
17 715
17 204
17 77
17 335
17 568
17 338
17 163
17 270
17 86
17 471
17 89
17 91
17 93
17 94
17 607
17 608
17 354
17 101
17 617
17 489
17 490
17 498
17 595
17 500
17 830
17 119
17 121
17 764
18 256
18 352
18 194
18 324
18 102
18 167
18 802
18 732
18 704
18 239
18 953
18 633
18 539
18 124
18 350
19 320
19 161
19 258
19 166
19 682
19 426
19 810
19 882
19 561
19 384
19 878
19 150
19 119
19 122
19 444
19 157
19 31
20 288
20 293
20 689
20 776
20 940
20 522
20 43
20 876
20 549
20 240
20 113
20 857
20 26
20 187
20 58
20 31
21 257
21 43
21 523
21 399
21 274
21 277
21 407
21 282
21 27
21 668
21 29
21 286
21 159
21 34
21 419
21 297
21 171
21 172
21 314
21 60
21 580
21 837
21 465
21 468
21 270
21 347
21 517
21 95
21 224
21 994
21 570
21 233
21 106
21 492
21 494
21 623
21 240
21 114
21 118
21 378
21 379
21 746
22 33
22 132
22 70
22 616
22 239
22 752
22 437
22 87
22 153
22 158
23 486
23 425
23 106
23 78
23 47
23 144
23 881
23 53
23 986
23 442
23 253
23 862
23 661
24 778
24 652
24 531
24 916
24 155
24 30
24 161
24 290
24 39
24 812
24 178
24 61
24 585
24 842
24 77
24 85
24 215
24 787
24 770
24 350
24 96
24 747
24 622
24 275
24 889
24 890
24 125
25 162
25 37
25 326
25 487
25 137
25 322
25 434
25 563
25 594
25 626
25 310
25 73
25 536
25 997
26 516
26 134
26 385
26 907
26 269
26 173
26 302
26 791
26 644
26 283
26 284
26 926
26 160
26 838
26 42
26 45
26 46
26 305
26 311
26 447
26 452
26 582
26 591
26 338
26 483
26 212
26 727
26 216
26 90
26 399
26 97
26 99
26 745
26 235
26 495
26 115
26 502
26 380
26 127
27 555
27 392
27 908
27 271
27 272
27 920
27 147
27 532
27 277
27 664
27 618
27 544
27 291
27 43
27 175
27 692
27 436
27 56
27 185
27 62
27 457
27 970
27 715
27 76
27 333
27 85
27 569
27 144
27 234
27 367
27 915
27 117
27 528
27 917
27 362
28 64
28 67
28 291
28 47
28 279
28 382
29 576
29 627
29 98
29 259
29 630
29 135
29 393
29 809
29 300
29 205
29 430
29 432
29 969
29 179
29 598
29 279
29 880
29 629
30 520
30 143
30 410
30 389
30 935
30 299
30 437
30 62
30 63
30 449
30 584
30 847
30 209
30 83
30 95
30 236
30 493
30 371
30 246
30 254
31 709
31 678
31 201
31 559
31 976
31 850
31 857
31 409
31 604
31 805
32 485
32 302
32 687
32 722
33 449
33 193
33 685
33 87
34 133
34 615
35 198
35 170
35 452
35 84
35 566
35 183
35 120
35 148
35 346
36 96
36 67
36 37
36 615
36 232
36 105
36 108
36 978
36 355
36 596
36 341
36 375
36 184
36 795
36 92
36 421
37 353
37 706
37 131
37 518
37 103
37 939
37 971
37 631
37 251
38 64
38 227
38 292
38 549
38 617
38 77
38 78
38 206
38 238
38 334
38 110
38 376
38 94
39 385
39 642
39 147
39 789
39 345
39 671
39 51
39 61
39 958
39 66
39 71
39 72
39 462
39 463
39 83
39 857
39 231
39 890
39 637
39 255
40 545
40 232
40 924
40 253
40 403
40 734
40 885
40 592
40 59
40 60
40 189
40 126
40 63
41 261
41 518
41 919
41 151
41 165
41 550
41 683
41 178
41 308
41 52
41 60
41 701
41 910
41 72
41 80
41 849
41 341
41 728
41 605
41 107
41 249
41 634
42 358
42 944
42 88
42 59
43 545
43 963
43 619
43 793
43 767
43 191
44 256
44 65
44 66
44 195
44 356
44 198
44 73
44 525
44 111
44 80
44 145
44 355
44 884
44 694
44 585
44 57
44 122
44 873
45 224
45 928
45 902
45 231
45 72
45 206
45 110
45 535
45 284
45 874
45 831
46 571
46 964
46 613
46 161
46 136
46 275
46 108
46 144
46 497
46 51
46 116
46 693
46 748
46 91
46 899
46 122
47 65
47 648
47 364
47 112
47 529
47 340
47 55
47 728
47 314
48 105
48 714
48 243
48 185
48 413
49 332
49 813
49 58
50 292
50 235
50 271
50 433
50 948
50 213
50 153
50 730
50 623
50 989
51 608
51 69
51 619
51 149
51 575
52 672
52 705
52 916
52 746
52 139
52 846
52 499
52 696
52 242
52 467
52 670
52 373
52 55
52 152
52 313
52 186
52 215
53 512
53 950
53 230
53 263
53 307
53 75
53 723
53 176
53 305
53 211
53 659
53 246
53 183
53 505
53 250
53 858
53 745
54 128
54 192
54 419
54 214
54 73
54 458
54 955
54 567
54 177
54 750
54 86
54 87
54 111
54 509
54 318
55 99
55 848
55 82
55 925
56 800
56 465
56 75
56 401
56 792
57 832
57 769
57 514
57 336
57 724
57 470
57 123
58 103
58 184
58 153
58 890
58 817
59 961
59 396
59 109
59 111
59 627
59 501
59 150
59 603
59 478
59 223
60 228
60 109
60 143
60 177
60 436
60 854
61 386
61 721
61 759
61 506
61 445
62 390
62 466
62 979
62 856
62 537
62 188
62 799
63 609
63 227
63 101
63 358
63 263
63 203
63 364
63 596
63 470
63 823
63 641
63 287
64 553
64 74
64 75
64 365
64 711
64 653
64 145
64 468
64 182
64 687
65 70
65 361
65 506
66 162
66 427
66 139
66 173
66 366
66 237
66 272
66 977
66 436
66 438
66 922
67 98
67 742
67 550
67 124
68 294
68 81
68 406
68 503
68 315
68 317
69 963
69 132
69 295
69 104
69 519
69 946
69 342
69 631
69 996
69 219
69 124
69 830
69 517
70 171
70 342
70 106
71 363
71 454
71 343
71 366
71 207
71 427
71 317
71 311
71 285
71 638
72 129
72 130
72 903
72 114
72 553
72 120
72 702
73 929
73 635
73 612
73 997
73 264
73 524
73 303
73 648
73 367
73 148
73 725
73 187
74 357
74 200
74 821
74 349
75 261
75 459
75 591
75 115
76 323
76 278
76 407
76 347
77 130
77 515
77 900
77 142
77 301
77 667
77 286
77 160
77 162
77 936
77 173
77 431
77 440
77 192
77 451
77 96
77 741
77 750
77 377
78 416
78 496
78 262
78 811
78 208
78 435
78 216
78 217
78 986
78 351
79 610
79 230
79 871
79 200
79 137
79 80
79 113
79 255
80 674
80 363
80 590
80 884
80 729
80 415
81 704
81 643
81 390
81 135
81 941
81 391
81 141
81 237
81 498
81 339
81 500
81 376
81 771
81 507
81 387
81 966
82 101
82 396
82 403
82 155
83 772
83 421
83 422
83 199
83 267
83 780
83 245
83 473
83 380
83 285
84 128
84 136
84 445
85 480
85 193
85 123
85 417
85 587
85 632
85 497
85 663
85 156
85 893
85 798
86 164
86 241
86 208
87 501
87 212
87 469
87 703
87 117
88 608
88 129
88 391
88 133
88 327
88 250
88 411
88 380
88 925
89 193
89 354
89 614
89 405
89 344
89 893
90 386
90 758
90 811
90 955
90 182
90 571
90 796
90 221
90 574
91 711
91 489
91 908
91 146
91 982
91 599
92 956
92 405
93 736
93 547
93 913
93 327
93 558
93 625
93 313
93 922
93 283
93 222
94 158
95 321
95 196
95 423
95 626
95 151
96 131
96 100
96 665
96 265
96 107
96 235
97 384
97 785
97 660
97 792
97 218
97 932
97 807
97 794
97 431
97 304
97 562
97 310
97 441
97 573
97 321
97 579
97 582
97 473
97 474
97 737
97 229
97 359
97 239
97 758
97 503
97 635
98 806
98 331
98 143
98 634
98 337
98 658
98 483
98 281
98 154
98 389
99 866
99 171
99 229
99 328
99 265
99 330
99 139
99 236
99 814
99 112
99 791
99 722
99 150
99 537
100 448
100 514
100 168
100 878
100 723
101 513
101 941
101 942
101 527
101 447
101 118
101 378
101 411
102 291
102 146
102 116
102 790
102 568
102 980
103 301
103 948
103 414
104 513
104 194
104 336
104 370
104 937
104 319
105 712
105 523
105 273
105 184
105 220
105 223
106 803
106 822
106 521
106 883
106 214
106 440
106 474
106 636
106 949
107 929
107 644
107 157
108 645
108 360
108 918
108 182
108 951
109 165
109 243
109 136
109 147
109 120
109 281
109 285
109 191
110 896
110 197
110 201
110 523
110 461
110 691
110 951
110 553
110 527
110 697
110 251
110 732
110 287
111 864
111 642
111 169
111 138
111 561
111 371
111 372
111 245
111 765
111 287
112 288
112 557
112 149
112 216
112 860
112 351
113 563
113 152
113 508
113 543
114 130
114 260
114 322
114 141
114 334
114 495
115 224
115 513
115 420
115 782
115 306
115 740
115 346
115 221
116 384
116 930
116 829
116 868
116 264
116 233
116 485
116 435
116 270
116 701
116 370
116 371
116 340
116 374
116 344
116 538
116 381
116 357
117 197
117 424
117 556
117 938
117 300
117 942
117 275
117 341
117 988
117 947
117 894
118 578
118 745
118 526
118 497
118 180
118 503
119 768
119 324
119 394
119 972
119 477
119 818
119 884
119 670
119 804
119 377
119 252
119 189
119 126
120 993
120 484
120 903
120 463
120 881
120 404
120 154
120 959
120 541
120 191
121 946
122 326
122 203
122 217
122 125
123 936
123 240
123 317
123 158
125 335
125 465
125 186
126 129
126 484
126 306
126 988
127 549
127 747
127 218
127 319
128 226
128 519
128 617
128 592
128 828
128 733
129 995
129 972
130 973
130 210
130 435
130 766
131 583
131 649
131 779
132 455
132 649
132 167
133 841
133 266
133 944
133 273
133 778
133 692
133 825
134 969
134 278
134 894
135 256
135 448
135 290
135 292
135 262
135 166
135 201
135 388
135 203
135 205
135 413
135 467
135 738
135 376
135 217
135 932
135 574
136 225
136 546
136 995
136 325
136 294
136 841
136 172
136 179
136 181
136 759
136 404
136 606
136 382
137 257
137 646
137 167
137 298
137 140
137 156
138 165
138 394
138 689
138 274
138 660
140 258
140 163
140 765
141 475
141 369
141 552
141 361
141 594
141 142
141 219
142 677
142 486
142 264
142 812
142 534
142 471
142 889
142 282
143 320
143 416
143 832
143 897
143 760
144 827
144 357
144 551
144 779
144 269
144 400
144 398
144 248
144 629
145 614
145 361
145 983
145 302
145 297
146 688
146 674
146 176
146 466
146 178
146 675
146 244
146 187
146 507
147 576
148 587
148 174
149 393
149 460
149 942
149 949
149 280
149 819
150 552
150 202
150 984
150 252
150 189
151 260
151 168
151 426
151 996
151 169
151 932
151 957
152 577
152 322
152 774
152 202
153 254
153 651
154 230
154 817
154 156
154 157
155 440
155 566
156 901
156 808
156 241
156 918
157 225
157 964
157 754
157 626
157 691
157 511
158 818
158 730
158 412
158 735
159 196
159 267
159 726
159 539
160 770
160 620
160 755
160 699
160 382
161 708
161 389
161 166
161 332
161 238
161 174
161 727
161 316
161 511
162 353
162 810
162 386
162 312
162 476
163 320
163 732
163 223
164 842
164 944
164 949
165 229
165 200
165 846
165 943
165 688
165 209
165 210
165 565
165 818
166 896
166 914
167 631
167 175
168 426
168 491
168 236
169 977
169 501
169 597
170 179
170 686
170 339
170 495
170 318
171 741
171 266
171 268
171 945
171 387
171 343
171 408
171 543
172 190
172 591
173 855
173 989
173 927
174 268
174 177
174 819
174 349
174 222
175 618
176 258
176 678
176 279
176 249
177 656
177 898
177 387
177 886
177 593
177 364
177 432
177 209
177 439
177 669
178 180
178 194
179 504
180 329
180 428
180 979
180 635
181 545
181 226
181 330
181 206
181 605
182 704
182 232
182 297
182 650
182 237
182 433
182 531
182 308
182 500
182 509
182 446
183 199
183 234
183 611
183 247
184 584
185 366
185 343
185 702
186 358
186 402
187 417
187 325
187 459
187 592
187 721
187 247
187 600
188 365
188 560
188 786
188 246
188 408
190 868
190 934
190 839
190 438
190 573
191 597
192 195
192 213
193 482
193 262
193 681
193 464
194 798
194 771
194 196
194 871
194 780
194 859
194 524
194 429
194 392
194 213
194 568
194 786
194 815
194 637
194 589
195 456
195 311
195 799
196 710
196 658
196 530
196 766
197 353
197 242
197 280
197 703
199 811
199 420
199 456
199 841
199 535
199 791
199 466
199 214
199 570
199 924
199 478
199 479
200 225
200 865
200 779
200 238
200 400
200 851
200 790
201 259
201 498
201 707
201 280
201 638
202 289
202 943
202 439
202 955
203 589
204 620
204 339
204 821
204 312
204 441
205 328
205 843
205 601
206 395
207 402
207 408
207 991
208 481
208 972
208 940
208 717
208 579
208 282
208 219
209 640
209 867
209 307
209 344
210 590
210 326
211 540
211 796
212 547
212 552
212 337
212 829
213 428
213 290
213 244
213 309
214 496
214 274
214 726
215 248
215 459
216 400
216 752
217 359
217 374
218 401
218 276
219 272
219 641
219 360
219 622
219 657
219 412
220 422
220 616
220 667
220 826
220 475
220 221
220 507
221 593
222 588
222 432
222 792
223 876
224 933
224 526
225 369
225 564
225 381
226 967
227 933
227 486
227 877
228 708
228 234
228 931
228 885
229 671
230 418
230 259
230 333
231 443
232 761
234 355
235 269
235 506
235 446
236 797
237 488
237 267
237 628
237 309
237 887
237 377
237 861
238 534
238 248
238 633
238 895
239 450
239 772
239 502
239 872
239 514
239 661
239 410
239 802
240 919
240 271
242 840
242 585
242 560
242 281
242 926
242 511
243 304
243 710
243 563
243 379
243 895
244 293
244 455
244 797
245 464
245 356
245 348
245 863
246 868
246 575
247 482
247 637
248 962
248 611
249 816
249 490
249 447
250 425
250 783
250 856
250 337
250 987
252 321
252 642
252 847
253 566
253 487
253 407
253 438
253 687
254 844
254 461
254 276
254 735
255 289
255 296
255 871
255 958
256 491
257 774
258 289
258 773
258 808
258 649
258 565
258 661
259 933
259 775
259 404
261 891
261 959
262 298
262 460
262 589
262 378
264 888
265 306
266 737
266 294
266 412
266 798
267 415
268 531
268 698
268 668
269 422
269 747
270 315
270 403
270 411
272 875
272 978
272 920
272 924
272 830
273 451
274 456
274 300
274 784
274 636
275 858
276 303
277 375
277 859
278 488
278 844
278 690
279 706
279 494
279 756
279 346
280 414
281 849
281 883
282 647
282 646
284 896
285 583
286 575
287 519
287 820
288 505
289 965
290 765
290 331
291 618
291 555
291 602
291 351
292 665
292 772
293 480
293 673
293 307
294 900
295 395
295 899
297 842
299 603
300 391
301 748
301 350
302 544
302 453
302 647
302 908
302 719
302 368
302 978
302 916
302 345
303 673
303 962
303 630
303 795
303 318
304 731
304 453
304 379
305 713
306 418
306 499
306 751
306 854
307 968
307 907
307 398
307 786
307 309
308 579
308 741
308 455
308 492
308 788
308 526
308 439
308 990
309 603
309 347
310 461
310 624
310 787
310 639
312 788
312 833
314 335
314 915
314 532
314 607
315 966
315 678
315 409
316 604
316 858
317 951
319 489
319 609
320 904
320 332
320 718
320 656
322 454
322 683
322 368
322 695
322 570
322 444
324 546
324 581
324 348
325 739
325 805
325 525
326 330
327 374
328 367
328 720
328 918
329 801
329 424
329 973
330 586
330 383
331 572
331 734
332 968
333 976
333 487
333 784
333 662
334 696
334 457
335 790
336 441
336 609
336 681
336 717
336 462
336 533
336 471
336 472
336 861
336 654
337 375
337 529
337 887
337 925
339 753
339 369
339 628
340 993
340 393
340 816
340 535
340 728
340 414
341 481
341 961
341 556
341 402
341 822
341 759
341 442
341 349
342 354
342 785
342 914
342 472
344 362
344 508
346 450
346 719
346 985
348 899
348 424
348 863
349 947
349 650
350 738
350 524
350 372
350 917
350 703
351 912
351 548
351 914
351 469
352 904
352 724
354 539
355 462
355 540
356 621
357 493
358 803
359 409
359 679
360 390
360 520
360 600
360 572
361 984
363 569
365 756
365 431
366 718
366 518
367 744
367 782
368 965
369 662
369 655
371 601
373 787
373 815
374 938
374 822
375 686
375 464
375 540
377 954
379 744
379 554
379 620
379 429
379 397
379 468
380 831
381 416
381 675
381 812
381 731
382 528
382 755
382 761
383 550
383 406
384 657
384 615
386 676
388 986
389 905
389 449
390 392
390 869
390 588
390 627
390 700
392 625
393 724
394 483
394 598
395 583
396 813
396 655
396 401
396 510
396 638
397 413
398 810
398 630
399 499
399 572
403 658
403 430
403 879
406 561
406 578
407 444
407 515
409 477
410 682
411 588
411 530
411 950
411 763
412 928
412 450
412 458
412 954
413 445
414 423
415 931
415 496
417 614
418 448
418 760
419 993
419 771
419 806
420 752
420 696
420 947
420 927
421 590
422 664
422 843
423 835
423 596
424 960
424 548
424 716
424 475
425 428
425 542
426 472
426 453
427 484
427 823
427 824
427 604
428 708
428 869
428 534
428 521
430 906
431 577
431 683
431 788
432 725
432 825
432 666
433 723
434 930
434 551
434 684
435 478
438 586
438 855
438 542
439 827
439 980
440 640
440 599
441 878
441 624
441 926
443 730
443 554
444 874
445 476
445 867
447 934
447 973
447 663
447 509
448 557
449 602
450 576
450 555
450 562
451 473
453 504
453 607
454 905
454 508
454 477
455 851
456 556
458 795
459 991
462 654
463 731
464 999
465 981
466 491
466 698
466 606
468 528
469 797
470 714
470 639
472 633
473 685
473 957
474 988
474 749
477 690
477 516
478 776
478 882
479 709
479 694
479 735
480 639
480 692
482 571
483 522
483 529
483 862
484 582
484 901
486 804
486 653
487 538
487 521
488 750
489 923
489 612
489 837
489 559
490 594
490 757
490 777
491 836
491 510
493 781
494 740
494 887
495 832
495 536
495 510
497 767
498 987
501 837
501 551
501 505
502 652
502 749
502 538
505 756
507 867
507 527
507 600
511 646
512 737
512 675
512 984
512 763
512 893
512 543
515 634
517 757
519 865
519 581
520 769
520 905
520 849
520 663
521 992
523 985
524 870
525 746
527 619
527 655
527 959
528 911
529 584
530 742
530 844
530 695
532 676
532 991
534 705
534 805
534 695
535 542
537 601
537 828
538 898
538 666
538 892
539 880
540 866
540 662
541 817
544 985
546 668
549 610
549 921
549 766
550 711
551 718
551 863
554 674
554 580
554 707
555 643
557 833
557 625
559 874
559 910
560 913
560 562
560 660
562 877
562 689
563 859
563 743
563 820
563 827
565 836
570 587
572 760
572 647
573 667
573 963
575 872
576 853
576 669
577 773
578 775
578 645
579 864
581 982
582 720
584 935
584 659
584 853
588 848
588 892
589 910
590 595
591 952
591 854
591 632
592 866
592 643
592 873
592 971
592 913
593 846
594 801
597 753
598 665
599 770
599 654
601 879
602 975
603 670
604 697
604 715
607 850
607 677
608 775
608 651
608 684
608 891
609 794
609 956
611 809
613 777
614 621
614 701
616 729
617 777
618 886
619 744
619 860
620 894
623 873
623 707
626 640
628 784
633 754
634 651
635 961
636 680
638 669
638 780
639 789
640 897
641 829
645 781
646 700
647 809
647 653
648 686
648 953
648 733
651 806
652 705
655 975
656 764
657 902
657 807
658 713
663 813
663 845
663 888
666 960
666 892
666 734
667 997
669 901
670 794
670 923
671 720
671 808
672 833
672 712
672 843
672 823
673 939
673 979
675 680
675 684
677 981
677 826
678 801
684 699
685 834
685 781
687 976
687 840
688 739
688 974
689 828
692 960
695 761
697 966
699 998
704 768
705 834
705 815
707 774
711 970
717 742
717 969
719 807
719 757
720 971
725 880
730 919
737 799
739 922
741 820
745 826
748 994
750 930
756 762
756 891
757 909
757 928
758 838
758 840
758 814
761 943
761 852
766 845
768 785
768 904
770 877
771 975
772 783
773 845
776 906
776 977
776 855
777 937
777 821
780 888
783 835
787 954
788 836
789 839
791 990
800 881
808 876
810 839
812 952
821 907
825 856
836 847
842 956
844 970
848 851
851 962
861 864
862 889
872 875
876 965
896 968
903 983
905 982
919 945
938 945
946 983
965 998
992 999
