0 171
0 12
0 901
1 546
1 990
1 494
1 435
1 277
1 214
1 537
1 221
1 510
2 130
2 549
2 102
2 9
2 919
2 724
2 85
2 713
2 568
2 949
2 415
3 870
3 201
3 397
3 943
3 937
3 826
3 220
3 287
5 994
5 174
5 679
6 292
6 805
6 524
6 917
6 886
6 890
6 670
7 792
7 241
7 131
7 139
7 467
8 195
8 485
8 584
8 525
8 77
8 931
8 282
8 989
8 933
9 196
9 202
9 14
9 17
9 570
9 318
10 385
10 261
10 737
10 779
10 743
10 449
10 858
10 991
11 832
11 613
11 8
11 76
11 433
11 661
12 121
12 940
12 605
12 926
12 671
13 604
14 371
14 732
14 923
15 281
15 2
15 804
15 777
16 274
16 965
17 544
17 752
17 387
17 771
18 992
18 34
18 325
18 390
18 39
18 153
18 102
19 86
19 703
20 728
20 949
20 669
20 718
20 327
21 814
21 717
21 614
21 893
22 176
22 281
22 606
23 259
23 900
23 459
23 339
23 25
23 254
24 572
24 100
25 678
25 286
25 837
26 646
26 329
26 495
26 950
26 87
26 632
26 606
27 0
27 157
27 709
28 312
28 602
28 789
28 342
28 877
29 675
29 292
29 968
29 796
29 275
29 503
29 572
30 871
30 521
30 880
30 402
30 756
30 759
30 696
30 989
31 704
31 33
31 706
31 97
31 680
31 825
31 668
32 17
32 571
32 252
32 702
32 278
33 610
33 899
33 108
33 367
33 692
33 120
33 157
34 288
34 698
34 557
34 70
35 920
35 993
35 51
36 312
36 92
36 925
36 941
37 323
37 38
37 838
37 593
37 948
37 407
37 442
38 378
38 983
39 961
39 843
39 940
39 526
39 783
39 303
39 443
39 988
40 788
41 176
41 504
41 868
42 242
42 235
42 957
42 374
43 504
43 501
43 88
43 191
43 349
43 415
44 890
44 23
45 400
45 627
45 156
45 199
46 130
46 173
46 702
47 707
48 280
48 997
48 175
48 423
48 7
49 195
49 198
49 938
49 459
49 217
49 828
50 488
50 664
50 863
50 996
50 713
51 323
51 68
51 119
52 523
52 752
52 243
52 662
52 944
53 641
53 538
53 316
53 446
53 118
54 867
54 746
54 876
54 846
54 690
54 735
55 892
56 777
56 527
56 987
56 519
57 997
57 691
57 470
57 762
57 411
57 892
57 285
58 620
58 981
58 574
58 935
59 497
59 165
59 535
60 640
60 611
60 745
60 877
60 723
60 182
61 972
61 379
61 756
61 294
62 240
62 443
62 583
63 26
63 724
64 729
64 76
64 53
64 126
64 941
65 481
65 927
65 572
65 566
65 839
66 393
66 578
66 893
66 462
66 719
67 458
67 523
67 653
67 205
67 957
67 383
68 194
68 296
68 237
68 624
68 497
68 954
69 446
69 382
70 536
70 835
70 356
70 957
71 864
71 748
71 239
71 401
71 370
71 534
71 408
72 858
73 721
73 386
73 582
74 400
74 131
74 860
74 862
74 195
75 354
75 899
75 649
75 977
75 681
75 858
76 580
76 12
76 293
76 711
77 392
77 984
77 684
77 749
78 552
78 828
78 628
78 742
79 98
79 918
79 550
79 363
79 238
79 822
79 156
79 957
79 670
80 843
80 4
80 197
80 310
80 335
81 837
81 636
81 689
81 436
81 953
81 316
81 765
81 895
82 777
82 683
82 893
82 626
82 52
82 573
82 447
83 168
83 114
83 317
83 351
84 828
84 406
84 943
85 39
85 8
85 527
85 594
85 277
85 921
85 474
85 574
86 449
86 197
86 993
86 200
86 782
86 304
86 597
86 92
87 113
87 834
87 711
87 340
87 127
88 559
89 160
89 72
89 463
89 819
89 756
89 373
89 666
90 966
90 658
90 747
90 854
90 566
91 417
91 130
91 971
91 427
91 49
91 629
91 793
92 834
92 842
92 247
93 763
93 100
93 301
93 979
93 47
94 586
94 163
95 146
95 615
95 565
95 303
96 745
96 890
96 206
96 855
97 857
97 658
97 786
97 565
98 547
98 69
98 583
98 551
98 494
98 635
99 496
99 563
99 19
99 672
100 913
100 753
100 198
100 761
101 232
101 932
101 411
101 836
102 856
102 729
102 820
103 163
103 61
103 471
104 393
104 380
104 549
104 343
105 161
105 499
105 112
105 339
105 950
105 784
106 948
106 826
106 691
106 108
106 381
107 993
107 901
107 488
107 587
107 632
107 595
107 24
107 285
108 723
108 532
108 605
108 846
108 917
109 825
109 850
109 35
109 868
109 782
110 992
110 910
110 615
110 488
110 238
110 304
110 562
110 84
110 814
110 221
111 168
111 480
111 867
111 584
111 816
112 211
112 325
112 14
112 391
113 997
113 593
113 635
113 429
113 871
114 585
114 875
114 621
114 143
114 984
114 830
115 384
115 313
116 496
116 252
116 693
116 134
117 184
117 648
117 242
117 981
118 610
118 241
118 850
118 275
118 953
118 252
119 623
119 563
119 116
119 793
119 84
119 111
120 32
120 96
120 455
120 300
120 302
120 209
120 118
120 88
120 505
120 922
120 881
121 160
122 202
122 668
123 184
123 664
123 602
123 52
124 608
124 227
124 165
124 135
124 361
124 336
124 122
124 453
125 32
125 97
125 933
125 943
125 688
125 600
125 761
125 347
126 123
126 651
126 172
126 176
126 785
126 339
126 761
126 571
127 675
127 292
127 581
127 422
127 136
127 240
127 439
128 482
128 836
128 165
128 38
128 782
128 285
129 674
129 714
130 711
130 583
130 786
130 692
130 314
130 508
130 413
131 105
131 834
131 604
131 205
132 144
132 456
132 946
132 504
132 751
133 834
133 803
133 71
133 12
133 115
133 981
134 512
134 265
134 746
134 478
135 696
135 602
135 412
135 469
135 653
136 832
136 306
136 741
136 918
136 839
137 779
137 523
137 52
137 590
137 599
138 651
138 621
138 79
138 914
138 374
138 409
138 922
138 382
139 597
140 665
140 178
141 745
141 714
141 869
142 771
142 642
142 251
143 508
143 194
143 364
143 341
144 185
144 26
144 723
144 799
145 58
145 707
145 244
145 762
145 775
146 74
146 227
146 926
146 687
147 163
147 804
147 304
147 434
147 666
147 732
147 925
148 210
148 372
148 150
149 456
149 12
149 814
149 465
149 206
149 471
150 163
150 714
150 619
150 302
150 784
150 50
150 563
150 534
150 739
150 860
151 928
151 421
151 135
151 616
151 141
151 431
151 853
151 887
152 833
152 515
152 618
152 270
152 241
152 118
152 606
153 740
153 998
153 430
153 624
153 889
153 90
153 831
154 859
154 465
154 170
154 371
154 593
155 955
155 229
155 753
155 305
155 20
155 884
155 507
155 926
156 963
156 233
156 555
156 112
156 498
156 660
156 759
156 667
157 96
157 427
157 362
157 43
157 334
157 18
157 309
157 758
157 279
157 793
157 636
158 872
158 458
158 803
158 738
158 478
159 364
159 178
159 340
160 400
160 932
160 642
160 612
161 469
161 698
161 61
161 215
162 320
162 921
163 82
163 314
163 495
164 416
164 454
164 231
164 457
164 150
164 188
165 724
165 970
165 140
166 326
166 319
167 312
167 218
167 142
167 823
168 74
168 659
168 194
169 388
169 221
169 517
170 288
170 359
171 752
171 418
171 355
171 438
171 382
172 556
172 495
173 452
173 276
173 946
173 340
173 373
173 404
174 904
174 684
174 781
174 212
174 409
174 410
175 56
175 504
175 918
175 286
175 966
176 738
176 390
176 808
176 790
176 479
176 639
177 353
177 709
177 198
177 13
177 955
177 29
177 830
178 768
178 337
178 572
178 414
179 609
179 36
179 7
179 399
179 532
179 889
179 126
180 488
180 328
180 458
180 622
180 17
180 959
181 425
181 501
181 213
181 222
181 405
182 657
182 178
182 547
182 741
182 993
183 546
183 681
183 426
183 843
183 397
183 177
183 82
183 117
183 373
184 321
184 489
184 303
184 887
184 155
184 831
185 641
185 380
185 718
186 769
186 611
186 774
186 17
186 794
186 447
187 475
187 639
188 753
188 635
188 493
188 662
188 87
189 10
189 522
189 274
189 247
190 5
190 107
190 300
190 623
190 883
190 724
190 895
191 409
191 227
191 101
191 981
192 703
192 90
192 647
192 493
192 399
193 120
193 480
193 443
193 878
193 414
194 814
194 79
194 244
194 981
194 470
194 319
195 337
195 83
195 980
195 117
196 610
196 875
197 632
197 550
198 553
198 492
198 304
198 242
198 188
198 159
199 388
199 100
199 950
199 887
200 185
200 242
200 439
200 273
201 361
201 875
201 921
202 474
202 555
202 76
202 261
202 982
203 112
203 201
203 983
203 577
204 992
204 451
204 837
204 232
204 970
204 812
204 654
204 116
204 942
205 551
205 782
205 208
205 947
205 373
205 342
206 57
206 682
206 764
206 850
206 406
207 689
207 35
207 596
208 514
208 658
208 575
209 974
209 638
210 232
210 240
210 794
210 760
210 545
211 144
211 251
211 52
211 838
211 751
212 16
212 371
212 381
212 663
213 552
213 681
213 978
213 908
214 145
214 527
214 596
214 199
215 905
215 313
215 931
215 6
215 713
216 48
216 531
216 156
217 384
217 608
217 162
217 776
217 684
217 994
217 984
217 254
218 187
218 285
218 54
218 519
219 560
219 354
219 434
220 209
220 372
221 578
221 22
221 70
221 338
221 950
221 446
222 514
222 572
222 405
222 997
223 611
223 133
223 359
223 776
223 118
223 27
224 770
224 613
224 594
224 787
224 952
224 826
224 27
225 185
225 995
225 326
226 880
226 306
226 916
226 213
226 253
227 192
227 457
227 205
228 424
228 433
228 700
228 702
229 416
229 97
229 4
229 199
229 978
229 731
230 656
230 97
230 429
230 502
230 465
231 576
231 387
231 294
231 430
231 913
231 654
231 952
231 316
231 94
232 392
232 370
232 227
232 754
233 265
233 98
233 275
233 346
233 718
234 37
234 391
234 490
234 12
234 337
234 309
234 433
234 791
234 956
235 805
235 552
235 555
235 208
235 497
235 340
235 57
236 488
236 692
236 572
236 941
237 652
237 427
237 428
237 974
237 591
238 641
238 430
238 382
238 463
239 84
239 115
239 60
239 289
241 932
241 900
241 334
241 86
242 929
242 162
242 357
242 226
242 793
242 954
242 575
243 418
243 292
243 807
243 476
243 52
243 245
243 804
243 188
243 573
244 200
244 639
244 164
244 805
244 607
245 484
245 645
245 72
245 680
245 244
245 469
245 248
245 763
245 773
246 48
246 336
246 117
246 406
246 345
247 337
247 612
248 272
248 444
248 990
248 318
249 43
250 72
250 819
251 291
251 68
251 80
251 787
251 340
251 694
251 861
252 514
252 188
253 128
253 313
253 258
253 286
253 423
254 226
254 935
254 682
254 492
254 909
254 623
254 501
255 249
255 716
255 725
255 6
256 629
257 192
257 304
257 354
257 394
258 632
258 702
259 962
259 323
259 996
259 424
259 685
259 112
259 275
259 437
259 858
259 62
260 641
260 329
260 944
260 145
260 468
260 511
261 160
261 841
261 715
261 252
261 69
262 328
262 586
262 19
262 473
262 90
262 650
262 62
263 391
264 434
264 261
264 415
265 589
265 766
265 958
266 516
266 615
266 970
266 112
266 731
266 957
267 73
267 881
267 18
267 468
267 905
267 794
267 93
268 273
268 722
268 387
268 551
269 417
269 612
269 105
269 44
269 114
269 117
269 189
270 888
270 881
270 690
270 213
270 261
271 749
271 302
272 560
272 579
272 499
272 934
273 966
273 71
273 877
273 814
273 529
273 467
273 311
273 383
274 978
274 475
274 310
275 296
275 684
275 278
275 88
275 987
275 607
276 775
276 998
276 118
276 567
277 457
277 332
278 546
278 59
278 685
278 119
279 706
279 932
279 357
279 941
279 846
279 943
279 17
279 306
279 373
279 732
280 704
280 508
280 805
280 997
281 745
281 906
281 301
281 174
281 564
281 439
281 666
282 897
282 570
282 691
282 52
282 254
283 834
283 773
283 198
283 236
283 789
283 568
283 377
284 256
284 738
284 483
284 426
284 629
284 63
285 16
285 520
285 712
286 352
286 165
286 997
286 527
286 154
286 751
286 63
287 842
287 410
287 315
287 724
287 525
288 865
288 776
288 171
288 461
288 590
288 973
288 188
289 805
289 935
289 489
289 490
289 529
289 82
290 705
290 850
290 668
290 893
290 518
291 360
291 970
291 386
291 915
291 610
292 1
293 416
293 736
293 915
293 676
293 342
294 71
294 779
294 654
294 786
294 270
294 795
295 800
295 797
295 166
296 560
296 968
296 362
296 699
296 133
297 56
297 515
298 9
298 746
298 511
299 868
299 667
299 836
299 621
299 747
300 738
300 398
300 607
301 522
301 619
301 655
301 376
301 349
301 863
302 840
302 378
302 381
302 519
303 101
303 167
303 105
303 75
303 176
303 982
303 252
304 545
304 35
304 836
304 526
304 660
304 309
304 151
304 441
304 541
305 57
305 890
305 125
305 329
306 768
306 417
306 6
306 550
306 833
306 586
306 414
307 998
307 935
307 298
307 524
307 367
307 505
307 860
308 291
308 623
308 914
308 403
308 149
308 47
309 814
309 560
309 273
309 956
309 541
309 735
310 480
310 581
310 622
310 783
311 464
311 891
311 779
312 549
312 239
312 338
312 632
312 143
312 476
313 132
313 808
313 494
313 629
313 182
313 535
313 284
313 733
313 863
314 821
315 826
315 954
315 246
316 384
316 865
316 482
316 875
316 662
316 746
316 119
316 887
316 150
316 631
316 59
317 65
317 388
317 870
317 102
317 135
317 204
317 623
317 631
317 740
317 831
318 400
318 545
318 444
318 38
318 631
319 872
319 489
319 114
319 86
319 825
319 441
320 8
320 411
320 149
320 327
321 769
321 213
321 527
322 218
322 835
322 396
322 6
322 303
323 129
323 282
323 60
323 949
324 266
324 434
324 855
325 537
325 729
325 389
325 870
325 335
326 345
326 109
327 272
327 432
327 643
327 981
327 550
328 120
328 624
329 738
329 902
329 70
329 872
329 361
329 48
329 660
329 393
330 539
330 299
330 4
331 672
331 779
331 534
332 970
332 67
332 862
332 366
332 95
333 707
333 197
333 970
333 274
333 339
333 790
333 29
333 382
334 214
335 248
335 482
335 174
336 184
336 681
336 992
337 577
337 307
338 432
338 46
338 272
338 305
338 917
338 312
338 665
338 794
339 938
339 460
339 342
340 914
340 575
341 401
341 354
341 476
341 508
342 833
342 419
342 486
342 365
342 176
342 995
342 118
342 93
343 208
343 552
343 913
344 776
344 473
344 746
344 547
344 875
345 424
345 201
345 362
345 299
345 431
345 371
346 871
346 531
346 790
346 470
346 855
347 504
347 963
348 482
348 68
348 648
348 201
348 74
348 907
348 945
348 307
348 691
348 758
348 829
348 734
349 344
349 896
349 563
349 158
349 615
350 736
350 6
350 652
350 557
350 477
350 255
351 353
351 898
351 520
351 77
351 239
351 476
352 547
352 168
352 972
352 424
352 148
352 732
353 0
353 705
353 420
353 40
353 855
353 667
354 396
354 797
354 15
355 64
355 322
355 219
355 744
355 846
355 815
355 438
355 440
355 123
355 127
356 948
356 449
356 410
356 299
356 667
357 233
357 803
357 923
357 701
358 851
358 261
358 838
358 232
358 339
358 570
358 315
358 958
359 968
359 217
359 924
360 523
360 508
360 506
360 243
360 316
361 360
361 489
361 303
361 848
361 759
361 735
362 280
362 660
362 596
362 375
363 713
363 859
363 460
363 877
363 687
364 377
364 861
364 101
364 382
364 694
365 343
365 423
365 270
365 143
366 139
366 817
366 917
366 182
366 632
366 985
366 218
366 863
367 677
367 270
367 543
368 154
369 823
369 347
369 828
369 62
369 247
370 130
370 731
370 391
371 961
372 384
372 851
373 435
373 685
373 755
374 196
374 573
374 998
374 87
375 420
375 978
375 883
375 117
375 153
375 25
375 380
376 649
376 41
376 756
376 205
376 633
377 537
377 146
377 371
377 820
377 927
378 56
378 33
378 590
379 457
379 202
380 517
380 502
380 88
380 92
380 925
380 574
381 632
381 897
381 195
381 140
381 631
382 474
382 267
382 674
382 946
383 816
383 513
383 371
383 715
383 819
384 810
384 815
385 576
385 784
385 705
385 688
385 597
385 185
385 922
385 863
386 632
386 266
386 709
386 666
386 143
387 368
387 318
387 332
387 302
387 102
388 960
388 854
388 839
388 74
388 558
388 630
388 283
388 797
389 4
389 5
389 715
389 852
389 857
389 473
389 474
389 860
389 26
389 638
390 133
390 734
391 449
391 66
391 611
391 386
392 610
392 677
392 397
392 141
392 16
392 593
392 119
393 681
393 714
393 818
393 274
393 340
393 791
393 223
394 738
394 733
395 623
395 441
395 603
395 196
395 447
396 721
396 178
396 495
397 571
397 517
397 758
397 71
398 56
398 585
398 301
398 710
398 151
399 899
399 39
399 44
399 844
399 821
399 988
400 394
400 861
400 688
400 627
400 310
400 29
401 176
401 572
401 725
401 182
402 282
402 779
402 995
402 37
402 287
403 312
403 995
403 573
403 190
403 879
404 913
404 406
405 72
405 632
405 776
405 793
406 297
406 868
406 429
406 38
407 864
407 443
408 135
408 521
408 109
408 463
408 146
408 406
409 456
409 386
409 67
409 387
409 634
410 704
410 388
410 8
410 491
410 851
410 379
411 220
411 188
411 460
411 158
411 231
412 778
412 692
412 806
413 915
413 78
414 456
414 165
415 608
415 421
415 904
415 588
415 113
415 948
416 512
416 832
416 131
416 452
416 712
416 381
416 959
417 136
417 681
417 938
417 196
417 277
418 354
418 261
418 426
418 142
418 566
418 698
418 891
418 970
419 452
419 125
420 768
420 391
420 168
420 969
420 362
420 103
420 851
420 567
421 42
421 291
421 735
422 662
422 327
423 284
423 530
423 603
423 76
424 930
424 739
424 487
425 200
425 544
425 844
426 184
426 208
426 61
426 585
426 583
427 449
427 269
428 578
428 579
428 200
428 876
428 857
428 701
428 691
428 942
428 758
428 503
428 377
428 571
428 413
429 324
429 47
429 343
429 479
429 703
429 478
429 575
430 49
430 877
430 767
431 400
431 145
431 466
431 483
431 100
432 196
432 105
432 494
432 657
432 434
432 828
432 895
433 161
433 35
433 395
433 111
434 835
434 937
434 622
434 658
434 211
434 669
435 80
435 137
435 820
436 843
436 334
436 399
436 408
436 121
436 730
437 976
437 377
437 141
437 601
438 518
438 855
439 909
439 205
439 709
440 924
440 767
440 884
440 493
440 199
441 555
441 519
441 15
442 529
442 282
442 467
442 581
442 359
443 240
443 274
443 604
443 357
443 639
444 348
444 651
444 68
444 729
445 993
445 647
445 971
445 461
445 281
445 283
446 361
446 557
446 179
446 301
446 519
447 266
447 205
447 114
447 692
447 729
447 436
447 284
448 49
448 558
448 495
449 622
449 51
449 828
449 93
449 390
450 321
450 378
450 763
450 658
451 664
451 273
451 994
451 911
452 264
452 555
452 171
452 775
452 743
453 192
453 257
453 642
453 905
453 345
454 19
454 430
454 143
454 176
454 51
454 110
454 505
454 798
455 425
455 274
455 356
455 466
455 758
456 240
456 593
456 346
457 300
457 397
457 978
457 856
457 954
457 572
458 74
458 998
458 710
459 408
459 424
459 690
459 600
459 119
460 162
460 173
460 15
460 758
460 600
460 473
460 444
460 830
461 82
462 256
462 563
463 641
463 35
463 901
463 234
463 304
463 977
463 984
464 3
464 5
464 656
464 483
464 119
464 152
465 577
465 611
465 940
465 719
465 595
465 982
465 377
465 27
465 125
466 736
466 327
466 10
466 916
466 440
466 351
467 155
467 822
468 672
468 281
468 658
468 501
469 504
469 188
469 373
469 351
470 167
470 138
470 620
470 685
470 920
470 312
470 26
470 572
470 794
471 697
471 652
471 398
472 994
472 937
472 139
472 845
472 953
472 314
472 412
472 765
473 488
473 43
473 726
473 507
474 963
474 744
474 685
474 590
474 206
474 913
474 213
474 570
475 120
475 44
475 213
475 709
476 3
476 5
476 582
476 331
476 568
476 794
476 735
476 485
477 3
477 710
477 653
477 909
477 784
477 881
477 29
478 902
478 300
478 526
478 175
478 49
478 850
478 942
479 611
479 830
479 331
479 662
479 214
480 692
480 282
480 443
480 548
481 345
481 111
482 965
482 231
482 526
482 879
482 944
482 849
482 765
483 131
483 582
483 968
483 617
483 810
483 301
483 48
483 799
484 611
484 744
484 109
484 720
484 593
484 371
485 921
485 107
485 663
486 315
486 707
487 610
487 806
487 39
487 877
487 591
487 692
487 533
487 344
487 891
487 446
488 709
489 620
489 581
489 142
489 765
490 294
490 937
490 203
490 780
490 559
490 150
490 216
490 319
491 584
491 225
491 157
491 15
492 833
492 356
492 237
492 499
492 964
492 218
492 314
493 132
493 682
493 760
493 430
493 177
493 52
493 30
493 600
493 62
493 927
494 832
494 70
494 134
494 811
494 944
494 753
494 434
494 479
495 268
495 76
495 255
496 709
496 237
496 93
496 979
496 762
496 783
496 634
496 318
497 32
497 73
498 860
498 812
498 38
498 71
499 168
499 813
499 814
499 78
499 987
499 413
500 32
500 473
500 673
501 194
501 197
501 647
501 79
501 145
501 434
501 696
501 687
501 805
502 993
502 566
503 731
503 682
503 175
503 944
503 570
503 123
504 41
504 243
504 869
505 864
505 603
505 724
506 760
506 401
506 700
506 236
506 952
507 884
507 558
507 719
508 128
508 615
508 850
508 16
508 369
508 434
508 277
508 698
508 733
509 267
509 604
510 144
510 272
510 695
511 961
511 715
511 711
512 256
512 546
512 71
512 912
512 722
512 116
512 406
512 665
512 316
512 605
512 767
513 384
513 996
513 38
513 744
513 715
513 142
513 431
513 944
513 808
513 981
513 847
513 831
514 208
514 178
514 811
514 220
514 909
515 701
516 985
516 76
516 101
516 429
517 704
517 721
517 146
517 917
517 317
517 478
518 664
518 402
518 887
518 941
518 767
519 122
519 437
519 829
520 59
520 773
520 702
521 161
521 219
522 327
522 562
522 494
522 493
522 402
522 956
523 562
523 755
523 414
523 231
524 912
524 305
524 721
524 561
525 391
525 95
525 725
525 629
525 567
525 187
525 60
525 223
526 865
526 226
526 293
526 679
526 363
526 493
526 798
526 61
526 158
526 853
527 2
527 523
527 952
527 890
527 381
527 287
528 712
528 93
529 450
529 859
529 678
529 911
530 65
530 101
530 486
530 40
530 540
530 717
530 182
530 92
531 296
531 344
531 362
531 4
531 503
532 885
533 128
533 729
533 178
533 990
533 776
534 161
534 931
534 742
534 83
534 244
534 957
535 561
535 763
536 176
536 929
536 555
537 88
537 65
537 759
537 223
538 610
539 64
539 7
539 265
539 174
539 847
539 846
539 361
539 92
540 634
540 83
540 826
540 78
541 787
541 251
541 892
541 727
541 507
542 128
542 33
542 391
542 328
542 905
542 843
542 79
542 859
543 9
543 843
543 683
543 877
543 814
544 428
544 69
544 550
545 967
545 557
545 61
545 214
545 505
545 954
545 861
546 930
546 963
546 6
546 393
546 818
546 531
547 920
547 938
547 707
548 320
548 937
548 202
548 278
548 538
548 734
549 808
549 481
549 378
549 14
549 199
550 1
550 961
550 790
550 198
550 697
551 929
551 773
551 156
551 493
551 31
552 984
552 169
552 598
552 134
552 881
553 601
553 879
553 336
553 723
553 633
553 281
554 434
554 755
554 985
554 664
554 889
554 62
555 587
556 584
556 98
556 293
556 930
557 289
557 5
557 809
557 332
557 301
557 180
557 596
557 605
558 161
558 858
559 581
559 489
559 746
559 77
559 405
559 214
560 848
560 161
560 163
560 931
560 949
561 739
561 913
561 754
561 948
561 759
561 986
562 822
562 843
562 814
562 693
562 806
563 898
563 435
563 467
563 351
564 738
564 155
565 726
565 966
565 994
565 238
565 214
566 128
566 4
566 264
566 874
566 850
566 435
566 20
566 119
567 833
567 106
567 338
567 87
568 227
568 907
568 462
568 49
568 979
568 958
569 290
569 165
569 242
569 312
569 154
569 573
569 421
570 448
570 516
570 359
570 683
570 684
570 206
570 759
570 191
571 2
571 795
571 271
571 592
571 946
571 694
571 954
571 475
571 703
573 65
573 100
573 294
573 812
573 365
573 381
573 210
573 476
573 253
574 352
574 453
574 39
574 749
574 238
574 182
574 409
575 907
575 36
575 523
575 909
575 466
575 729
575 708
575 508
576 801
576 162
576 820
576 237
576 301
577 807
577 522
577 381
577 212
577 951
577 189
577 607
578 768
578 137
578 714
578 939
578 984
578 315
579 34
579 716
581 234
581 839
581 738
581 671
582 154
582 282
583 576
583 931
583 485
584 600
584 41
584 747
584 564
584 111
585 624
585 580
585 997
585 14
585 496
585 82
585 694
585 571
586 614
586 263
586 938
586 235
586 16
586 283
586 541
587 704
587 452
587 198
588 152
588 817
588 499
588 660
589 72
589 713
589 444
589 87
590 777
590 642
590 993
590 54
590 487
591 88
591 626
591 309
591 47
592 799
592 890
592 555
592 670
592 183
593 928
593 556
593 314
593 219
593 108
594 193
594 658
594 171
594 501
594 585
595 935
595 388
595 910
595 215
596 998
596 999
597 674
597 677
597 945
597 297
597 973
597 750
597 656
597 465
597 949
597 121
598 672
598 738
598 67
598 900
598 911
598 465
598 771
598 468
598 988
598 701
599 482
599 69
599 136
599 73
599 13
599 553
600 241
600 395
600 268
600 372
600 713
601 977
601 426
601 271
602 641
602 193
602 711
602 287
603 65
603 258
603 484
603 134
603 14
603 528
603 948
603 782
603 120
603 474
603 93
604 101
604 70
604 360
604 94
604 668
604 285
604 606
605 360
605 456
605 91
605 508
606 360
606 937
606 782
606 630
606 247
606 792
607 954
608 676
608 233
608 283
608 273
608 159
609 369
609 843
609 932
609 149
609 558
610 145
610 731
611 580
611 390
611 745
611 877
611 324
611 127
612 673
612 516
612 233
612 235
612 434
612 306
612 883
613 712
613 172
613 84
613 913
613 673
614 16
614 509
614 742
615 417
615 227
615 775
615 711
615 46
615 783
616 289
616 135
616 334
616 335
616 792
616 634
616 91
617 985
617 238
617 407
618 504
618 932
619 1
619 530
619 583
620 842
620 819
620 405
620 853
620 183
621 40
621 451
621 284
621 923
622 322
622 491
622 487
623 850
624 352
624 235
624 932
624 262
624 7
624 297
624 203
624 845
625 715
625 734
625 710
626 644
626 829
626 687
627 987
627 356
628 986
628 332
629 569
629 699
629 156
629 998
630 289
630 741
630 75
630 878
630 623
630 400
630 787
630 468
630 528
631 981
631 719
632 604
632 621
632 390
633 197
633 841
633 330
633 397
633 688
633 659
633 217
634 512
634 600
634 791
634 102
634 311
635 290
635 900
635 743
635 974
635 335
635 984
635 856
635 700
636 169
636 82
636 130
636 601
637 100
637 374
637 383
638 971
638 780
639 293
639 15
639 660
639 86
639 919
639 155
640 81
640 556
640 566
641 571
641 147
641 38
641 383
642 726
642 483
642 557
642 214
643 420
643 38
643 396
643 818
643 22
643 476
644 65
644 232
644 821
644 119
644 25
644 186
644 829
644 639
645 0
645 324
645 490
645 779
645 397
645 909
645 894
645 502
645 382
645 639
646 260
646 70
646 7
646 429
646 274
646 758
647 609
647 322
647 839
647 137
647 205
647 242
647 311
647 441
647 156
648 912
648 105
648 799
648 903
648 569
649 593
649 553
649 554
649 848
649 753
649 351
650 856
650 508
650 574
650 375
651 416
651 943
651 653
651 781
652 758
652 76
652 556
652 238
652 629
652 534
652 58
652 635
653 56
653 568
653 955
653 788
653 646
654 92
654 445
654 525
655 26
655 819
655 818
655 670
656 932
656 549
656 966
656 204
656 205
656 815
656 949
656 666
657 709
657 624
657 275
657 756
657 218
657 668
657 670
658 700
658 771
658 452
658 590
658 812
659 344
659 400
659 363
659 686
659 455
660 636
660 158
660 79
661 513
661 907
661 13
661 913
661 52
661 379
662 593
662 98
662 671
662 997
662 399
663 194
663 451
663 103
663 681
663 331
663 460
663 495
664 234
664 243
664 550
664 903
665 966
665 813
665 718
665 340
665 474
665 285
665 766
665 671
666 496
666 756
667 133
667 364
667 652
667 371
667 372
667 854
667 699
667 990
667 229
668 224
668 902
668 595
668 504
668 156
668 317
668 766
669 264
670 833
670 484
670 233
670 203
670 77
670 946
670 660
671 674
671 996
671 421
671 53
671 539
671 197
672 97
672 967
672 459
672 109
672 82
672 758
672 378
673 194
673 3
673 101
673 231
673 522
673 983
673 783
673 112
673 951
673 938
673 830
674 445
674 525
675 64
676 811
676 915
676 403
676 788
676 427
677 656
677 746
677 559
677 496
677 946
677 83
677 212
677 664
677 734
678 352
678 432
678 179
678 963
679 259
679 75
679 477
680 193
680 355
680 902
680 278
680 791
680 59
681 516
681 997
681 971
681 563
681 955
681 60
682 16
682 865
682 634
682 550
682 110
683 664
683 696
683 796
683 197
684 982
684 49
684 902
684 590
684 375
685 163
685 263
686 962
686 126
686 263
686 914
686 690
686 437
686 382
687 698
687 115
687 660
687 869
687 243
688 400
688 881
688 658
688 493
689 448
689 673
689 867
689 999
689 524
689 974
689 854
689 315
690 234
690 142
691 120
691 59
691 972
691 669
692 66
692 772
692 262
692 130
692 792
692 159
693 837
693 781
693 302
693 621
693 304
693 405
693 319
694 848
694 578
694 180
695 506
695 742
695 702
695 941
696 856
696 985
696 530
696 955
696 30
697 716
697 190
698 129
698 387
698 550
698 513
698 296
698 491
698 77
698 819
698 763
698 447
699 825
699 390
700 58
700 932
700 730
700 927
701 955
701 725
701 327
702 482
702 372
702 30
702 473
702 636
702 382
703 440
703 637
703 326
704 842
704 300
704 117
705 594
705 643
705 196
705 477
705 519
706 465
706 866
706 510
706 438
706 207
707 448
707 704
707 674
707 489
707 158
707 283
707 828
707 446
707 821
708 817
708 106
708 75
708 873
708 319
709 121
709 98
709 947
709 36
709 343
710 577
710 897
710 905
710 650
710 432
710 883
710 436
710 217
711 259
711 583
711 234
711 270
711 666
711 191
712 366
712 598
712 221
712 246
713 130
713 483
713 686
713 467
713 276
713 822
714 775
714 232
714 683
714 456
714 343
714 231
715 560
715 508
715 332
715 30
715 888
716 998
716 714
716 651
716 236
716 141
716 16
716 786
716 445
717 353
717 802
717 778
717 523
717 730
717 170
718 170
718 36
718 446
719 619
719 996
719 197
719 791
720 192
720 224
720 84
720 775
720 650
720 273
720 116
720 21
720 180
720 767
721 97
721 684
721 205
721 881
721 920
721 536
721 826
721 382
722 466
722 811
722 421
723 945
723 483
723 438
723 687
724 4
724 105
724 685
724 819
724 661
724 873
724 921
724 157
725 968
725 545
725 187
725 235
726 992
726 897
726 684
726 910
726 719
726 665
726 154
726 378
727 153
727 387
727 54
728 672
728 329
728 475
728 944
729 263
729 875
729 460
729 77
729 404
729 503
729 382
730 773
730 298
730 432
730 531
730 58
730 682
731 35
731 328
731 172
731 938
731 524
731 860
732 9
732 50
732 468
732 450
732 385
733 850
733 325
733 806
733 909
734 413
734 839
735 256
735 576
735 674
735 682
735 625
735 981
735 602
735 799
736 297
736 770
736 526
736 254
737 579
737 261
737 330
737 630
737 280
737 826
738 291
738 159
739 960
739 385
739 609
739 121
739 25
739 95
740 905
740 683
740 453
740 710
740 135
741 832
741 162
742 496
742 365
742 830
742 783
743 288
743 681
743 822
743 215
743 506
743 220
744 968
744 17
744 786
744 961
745 510
745 190
746 198
746 744
746 943
746 784
746 754
746 858
747 576
747 588
747 221
747 678
748 840
748 665
748 951
748 889
748 655
749 768
749 965
749 362
749 561
749 531
749 91
749 947
750 353
750 684
750 846
750 294
750 439
751 321
751 227
751 553
751 276
751 341
751 157
752 546
752 552
752 52
752 279
752 893
752 958
753 505
753 301
753 889
754 288
754 641
754 163
754 233
754 752
754 531
754 27
755 840
755 539
755 796
756 201
756 74
756 91
756 714
757 393
757 333
757 597
757 513
758 96
758 869
758 15
758 406
758 375
758 316
758 477
759 610
759 583
759 553
759 359
759 684
759 590
759 114
760 239
761 733
761 971
761 125
761 461
762 177
762 524
762 157
762 326
762 745
763 544
763 930
763 710
763 968
763 842
763 121
763 479
764 865
764 245
764 62
765 0
765 322
765 295
765 152
765 314
765 251
766 961
766 805
766 135
766 47
766 19
766 440
767 41
767 570
767 291
767 365
767 681
768 641
768 134
768 106
768 788
768 217
768 986
768 987
768 477
768 575
769 961
769 918
769 806
770 128
770 416
770 269
770 982
770 699
770 349
771 218
771 52
771 533
771 694
771 183
772 899
772 998
772 966
772 844
772 822
772 379
773 228
773 389
773 712
773 908
773 750
773 663
773 58
774 837
774 970
774 876
774 558
774 721
774 787
774 762
774 605
775 513
775 709
775 145
775 787
775 310
775 663
775 283
776 504
776 649
776 51
777 543
777 276
777 133
777 461
778 339
778 171
778 402
778 558
778 674
779 497
779 116
779 983
780 355
780 187
781 523
781 788
781 910
782 64
782 976
782 413
782 990
783 304
783 145
784 905
784 33
784 141
784 86
784 533
785 40
785 472
785 660
785 893
785 777
786 689
786 466
786 180
786 615
787 512
787 265
787 986
788 970
788 164
788 622
788 566
788 958
789 736
789 450
789 232
789 591
789 339
789 698
790 229
790 73
790 470
790 759
790 729
790 410
791 417
791 101
791 44
791 143
791 726
791 955
791 828
792 677
792 639
792 501
792 910
792 549
793 168
793 710
793 896
793 101
793 646
794 699
794 364
794 590
794 550
794 677
795 452
795 5
795 499
795 500
795 158
795 444
795 382
796 329
796 467
797 674
797 35
797 902
797 614
797 238
797 527
797 889
797 607
798 835
798 200
798 491
798 751
798 561
798 341
798 791
798 799
799 618
799 163
799 732
799 874
800 609
800 707
800 325
800 777
800 747
800 750
800 304
800 213
800 314
800 60
801 609
801 870
801 60
801 939
801 654
801 214
801 508
802 408
802 874
802 262
803 122
803 642
803 503
804 784
804 66
804 137
804 208
804 818
804 183
804 760
805 408
805 520
805 44
805 93
805 615
806 608
806 579
806 260
806 101
806 782
806 369
806 691
806 885
806 792
807 138
807 618
807 589
807 614
808 32
808 518
808 395
808 919
808 790
808 855
808 504
809 962
809 813
809 499
809 820
809 504
809 446
810 392
810 735
810 812
810 311
811 113
811 219
811 415
811 233
812 256
812 449
812 947
813 679
813 41
813 266
813 621
813 242
813 778
813 734
813 703
814 636
814 220
814 14
815 768
815 502
816 969
816 694
816 238
816 183
817 0
817 320
817 34
817 843
817 580
817 709
817 807
817 714
817 683
817 432
817 995
818 388
818 907
818 781
818 471
818 121
818 58
819 672
819 92
819 309
819 14
819 799
820 672
820 101
820 550
820 231
820 105
820 172
820 112
820 662
820 347
821 624
821 707
821 781
821 368
821 881
821 978
821 819
821 345
822 548
822 702
822 510
823 931
823 19
823 435
823 126
824 153
824 27
824 731
825 136
825 724
825 324
825 878
825 326
826 130
826 611
826 202
826 331
826 939
826 633
826 316
826 223
827 517
827 774
827 809
827 235
827 46
827 505
827 124
828 36
828 328
828 778
828 431
828 689
828 904
828 917
828 315
829 880
829 147
830 408
830 888
830 668
831 452
831 620
831 306
831 662
831 281
831 868
832 68
832 429
832 190
833 734
834 697
834 418
834 658
834 994
834 871
835 834
835 291
835 294
835 8
835 203
835 983
835 697
835 696
835 217
836 256
836 226
836 228
836 679
836 514
836 606
837 337
837 615
837 918
837 393
838 33
838 594
838 761
839 220
839 954
839 116
839 990
839 777
840 544
840 153
840 60
840 574
841 464
841 672
841 794
841 704
841 669
842 394
842 612
842 149
842 487
843 820
843 340
844 608
844 997
844 326
844 819
844 755
844 858
844 447
845 608
845 674
845 747
845 303
845 272
845 318
846 65
846 834
846 644
846 609
846 555
846 911
846 311
847 133
847 13
847 405
847 412
847 445
847 309
848 24
848 240
849 546
849 870
849 263
849 395
849 909
849 596
849 930
850 388
850 997
850 778
850 664
850 698
850 764
850 189
851 848
851 1
851 691
851 517
852 407
852 491
852 101
852 159
853 674
853 419
853 708
853 421
853 487
853 873
853 266
853 779
853 541
853 158
854 17
854 82
854 371
854 765
854 839
855 704
855 841
855 196
855 509
856 17
856 770
856 982
856 247
857 74
857 54
857 47
858 208
858 113
858 686
859 115
859 908
859 365
859 531
859 371
859 793
860 753
860 434
860 596
861 278
862 835
862 975
862 550
862 70
862 335
863 293
863 597
863 589
864 808
864 427
864 492
864 305
864 116
864 630
864 58
865 609
865 68
865 961
865 329
865 211
865 571
865 671
866 136
866 665
866 978
867 321
867 295
867 748
867 139
867 12
867 89
867 828
868 441
868 738
868 678
868 759
869 571
869 229
869 550
869 567
870 72
870 725
870 445
870 199
871 1
871 194
871 461
871 499
871 55
871 984
872 551
873 16
873 576
873 853
874 936
874 380
874 414
874 23
875 785
875 487
875 759
875 271
876 258
876 4
876 875
876 52
876 757
876 887
876 569
876 92
877 32
877 225
877 425
877 810
877 84
877 632
877 894
878 480
878 61
878 951
879 33
879 706
879 619
879 581
879 865
879 72
879 587
879 940
879 456
879 178
879 503
879 153
880 953
880 898
880 731
880 228
881 873
881 573
881 38
882 329
882 867
882 532
883 131
883 518
883 76
883 655
883 146
883 51
883 803
883 867
884 548
884 370
884 187
884 500
884 813
885 224
885 98
885 613
885 489
885 121
885 986
886 162
886 335
886 413
886 987
886 311
887 952
887 977
887 828
888 421
888 561
888 145
888 83
888 151
888 793
888 188
889 896
889 571
889 724
889 341
889 381
890 864
890 866
890 291
890 198
890 330
890 962
890 569
890 667
890 124
891 865
891 259
891 804
891 421
891 102
891 908
891 207
891 690
891 659
891 825
891 61
892 896
892 105
892 269
892 110
892 306
892 782
892 22
892 154
892 831
892 63
893 167
893 268
893 716
893 629
893 918
893 213
894 248
894 907
895 292
895 839
895 809
895 781
895 879
895 692
895 630
896 704
896 674
896 563
896 532
896 958
897 161
897 163
897 804
897 902
897 737
897 841
897 560
897 434
897 51
897 693
897 982
897 792
898 969
898 50
898 234
898 997
899 999
899 828
899 583
900 819
900 642
900 715
900 606
900 207
901 593
901 113
901 82
901 181
901 278
901 440
901 892
902 688
902 818
902 628
902 978
903 843
903 633
903 786
903 35
903 319
904 608
904 113
904 401
905 680
905 590
905 63
906 812
906 813
906 526
906 893
907 632
907 308
907 531
907 196
907 929
908 968
908 629
908 542
909 131
909 678
909 903
909 716
909 590
909 850
909 899
909 191
910 417
910 450
910 739
910 331
910 89
910 571
910 831
911 640
911 681
911 650
911 396
911 405
912 656
912 705
912 475
912 5
913 441
913 74
913 693
913 702
913 773
914 472
914 792
914 543
914 637
914 383
915 457
916 900
916 266
916 755
916 284
917 712
917 826
917 91
917 467
918 96
918 801
918 119
919 673
919 105
919 618
919 331
919 45
919 79
919 368
919 690
919 553
919 475
920 873
920 299
920 741
921 66
921 674
921 279
922 752
922 832
922 290
922 262
923 72
923 872
923 91
923 838
923 774
924 761
924 130
924 156
924 774
925 321
925 412
925 417
925 230
925 345
926 480
926 321
926 101
926 198
926 455
926 435
926 503
926 121
926 6
926 699
927 0
927 652
927 268
927 681
928 513
928 880
928 80
928 530
928 628
928 473
928 479
929 129
929 701
930 288
930 780
930 28
930 463
931 96
931 834
931 871
932 992
932 417
932 581
932 199
932 360
932 105
932 338
932 954
933 450
933 886
933 502
934 738
934 931
934 492
934 461
934 145
934 50
934 756
934 535
934 668
935 642
935 429
935 374
935 702
936 90
936 866
936 293
936 334
937 679
937 873
937 583
937 748
937 696
937 508
938 960
938 647
938 650
938 31
938 380
938 543
939 864
939 297
939 400
939 724
939 982
939 393
940 329
940 149
940 38
940 639
941 224
941 452
941 392
941 811
941 827
941 670
942 953
942 946
942 972
942 357
944 432
944 753
944 268
944 533
944 919
945 456
945 533
945 54
945 120
945 573
945 639
946 994
946 18
946 5
946 535
947 996
947 933
947 935
947 333
947 878
947 845
947 589
948 800
948 385
948 843
948 872
948 937
949 996
950 227
950 741
950 687
950 723
950 532
950 439
950 797
950 990
951 529
951 238
952 620
952 789
952 6
953 641
953 201
953 262
953 198
953 241
954 897
954 290
954 742
954 494
954 689
954 248
954 635
954 540
955 392
955 737
955 961
955 897
955 415
956 585
956 114
956 627
956 103
957 969
957 574
957 566
957 175
958 419
958 804
958 648
958 849
958 756
958 537
959 128
959 320
959 933
959 169
959 556
959 467
959 788
959 88
959 537
960 992
960 210
960 59
960 876
961 650
961 219
961 702
961 467
962 812
962 498
962 108
962 430
963 554
963 851
963 660
963 117
964 866
964 9
964 714
964 561
964 213
964 438
964 249
964 938
964 341
965 555
965 422
965 302
965 126
965 255
966 578
966 423
966 490
966 903
966 820
966 245
966 733
967 497
967 745
967 215
968 756
968 452
968 454
969 793
969 814
969 647
970 488
970 281
970 6
970 791
971 136
971 823
971 66
971 611
971 647
972 937
972 843
972 707
972 405
972 279
973 680
973 185
973 206
973 343
974 602
974 155
974 133
974 719
975 940
975 79
975 628
975 341
975 790
975 574
975 702
976 474
976 995
976 887
977 176
977 143
978 536
978 401
978 676
978 372
978 510
979 600
979 705
979 429
979 998
979 383
980 375
980 132
980 987
980 87
981 600
981 521
981 274
982 409
982 522
982 172
982 805
982 287
983 201
983 698
983 181
983 301
984 620
984 339
984 356
984 494
985 913
985 496
985 721
985 423
985 48
985 209
985 63
986 386
986 182
987 632
987 672
987 643
987 21
987 792
988 347
988 662
988 647
989 65
989 358
989 233
989 780
989 148
989 761
989 506
990 120
990 20
990 725
990 606
990 287
991 600
991 81
991 786
991 540
991 581
992 892
992 709
992 318
992 910
993 642
993 37
993 11
993 666
993 61
993 894
994 860
994 782
994 431
995 273
995 678
996 632
996 780
996 549
996 526
997 594
997 268
997 53
997 150
998 882
998 738
998 810
998 806
998 710
999 779
999 748
999 405
999 696
999 91
999 892
