0 1
0 4
0 998
0 853
0 534
0 665
0 996
0 601
0 29
0 5
1 2
1 517
1 998
1 999
1 848
1 196
1 409
1 996
1 6
2 3
2 4
2 5
2 6
2 999
2 449
2 997
3 4
3 6
3 7
3 999
3 120
3 998
3 799
4 5
4 6
4 7
4 8
4 999
4 285
5 6
5 775
5 8
5 9
5 10
5 611
5 116
5 795
5 766
6 7
6 9
6 10
6 11
6 301
6 753
6 215
7 9
7 10
7 12
7 54
7 169
7 766
8 9
8 554
8 12
8 463
8 172
8 728
8 356
8 266
8 799
9 10
9 11
9 12
9 13
9 14
10 74
10 12
10 14
10 15
10 661
11 12
11 13
11 14
11 15
11 16
11 818
12 705
12 899
12 742
12 13
12 15
12 16
13 901
13 210
13 15
13 16
13 18
13 936
13 680
13 109
14 130
14 259
14 15
14 16
14 17
14 695
15 741
15 583
15 784
15 19
15 626
15 148
16 18
16 20
16 21
16 89
16 409
16 917
17 258
17 70
17 268
17 240
17 19
17 21
18 578
18 775
18 21
18 23
18 56
18 373
19 901
19 170
19 20
19 21
19 22
19 23
19 24
20 897
20 419
20 330
20 21
20 22
20 23
20 25
21 266
21 207
21 23
21 24
21 25
21 26
21 90
22 916
22 307
22 437
22 24
22 25
22 26
22 27
23 901
23 649
23 682
23 24
23 26
23 27
23 28
24 610
24 967
24 25
24 26
24 27
24 29
25 807
25 540
25 810
25 605
25 634
25 27
25 28
26 110
26 27
26 28
26 29
26 30
26 767
27 32
27 28
27 29
27 31
28 33
28 516
28 391
28 782
28 209
28 30
28 800
29 32
29 34
29 677
29 31
30 32
30 34
30 35
30 931
30 950
30 31
31 32
31 33
31 36
31 677
31 290
31 76
31 141
31 829
31 286
32 37
32 651
32 629
32 496
32 383
32 927
32 342
32 792
32 127
33 161
33 34
33 35
33 551
33 266
34 36
34 38
34 39
34 298
34 199
34 798
34 470
34 698
35 36
35 37
35 39
35 40
35 946
36 37
36 38
36 39
36 40
36 816
36 433
36 731
37 38
37 40
37 41
37 778
37 878
37 819
37 635
37 63
38 39
38 40
38 41
38 43
38 791
39 40
39 41
39 42
39 43
39 44
39 68
40 198
40 43
40 44
40 45
40 564
40 859
40 167
41 267
41 168
41 43
41 46
41 399
41 688
41 116
42 45
42 46
42 495
42 881
42 186
42 127
43 652
43 46
43 47
43 670
43 575
44 320
44 547
44 423
44 46
44 47
44 48
44 49
44 735
45 841
45 47
45 48
45 49
45 50
45 920
45 476
46 933
46 47
46 49
46 50
46 662
47 322
47 963
47 48
47 50
47 52
47 952
47 765
48 745
48 49
48 50
48 52
48 53
49 913
49 50
49 52
49 54
49 921
50 105
50 51
50 53
50 54
50 55
51 682
51 913
51 52
51 53
51 55
51 56
52 688
52 810
52 53
52 55
52 57
52 861
53 356
53 54
53 55
53 56
53 57
53 58
53 828
54 923
54 55
54 56
54 59
54 959
55 161
55 356
55 108
55 56
55 57
55 58
55 59
55 60
56 655
56 57
56 58
56 60
57 963
57 861
57 59
57 60
57 61
57 62
58 245
58 663
58 474
58 59
58 60
58 62
58 63
59 64
59 217
59 341
59 557
59 414
59 61
59 62
59 63
60 65
60 530
60 61
60 62
60 63
61 64
61 65
61 66
61 167
61 248
61 62
61 63
62 64
62 67
62 779
62 972
62 409
62 511
63 64
63 67
63 68
63 328
63 334
64 65
64 67
64 68
64 69
64 165
64 78
65 66
65 67
65 68
65 715
65 895
66 67
66 68
66 69
66 70
66 71
66 366
66 855
66 860
67 69
67 71
67 72
67 457
67 842
67 237
67 78
67 969
67 151
68 100
68 325
68 71
68 72
68 396
68 852
69 966
69 70
69 71
69 72
69 73
69 74
69 351
70 483
70 71
70 72
70 74
70 75
70 466
70 603
71 73
71 74
71 75
71 206
71 658
71 404
72 73
72 74
72 76
72 77
72 654
72 521
73 74
73 491
73 76
73 77
73 78
73 633
74 931
74 363
74 76
74 77
74 78
74 530
74 787
75 290
75 76
75 78
75 79
75 912
76 77
76 78
76 79
76 81
76 278
77 78
77 79
77 80
77 81
77 950
77 591
78 834
78 697
78 80
78 81
78 82
78 300
78 857
79 641
79 293
79 80
79 81
79 82
79 84
79 341
79 89
80 236
80 81
80 82
80 83
80 84
80 85
80 984
81 331
81 82
81 83
81 86
81 558
82 285
82 967
82 84
82 86
82 335
82 221
83 618
83 84
83 85
83 87
83 88
83 629
84 85
84 86
84 87
84 88
84 922
85 646
85 631
85 86
85 87
85 90
86 535
86 306
86 87
86 89
86 91
86 860
87 839
87 796
87 361
87 88
87 90
87 91
88 911
88 89
88 90
88 91
88 92
88 93
88 190
89 837
89 361
89 91
89 93
90 197
90 588
90 601
90 91
90 95
91 896
91 554
91 914
91 383
91 158
91 95
92 96
92 97
92 267
92 151
92 107
92 93
92 94
93 96
93 261
93 520
93 105
93 842
93 94
94 96
94 97
94 98
94 99
94 460
94 210
94 951
94 895
95 97
95 98
95 99
95 100
95 645
95 930
96 865
96 98
96 99
96 101
96 326
96 185
97 320
97 291
97 100
97 102
97 948
97 670
97 790
98 99
98 101
98 103
98 485
98 145
98 343
98 351
99 100
99 101
99 103
99 104
99 433
99 340
99 311
100 101
100 102
100 103
100 105
100 426
101 102
101 104
101 105
101 268
101 258
102 103
102 105
102 107
102 719
102 983
102 829
103 742
103 104
103 105
103 107
103 171
104 105
104 106
104 107
104 108
104 109
104 764
105 107
105 172
105 109
105 110
105 399
105 692
106 548
106 391
106 108
106 109
106 111
106 989
106 389
107 577
107 802
107 331
107 108
107 622
108 398
108 111
108 112
108 850
108 174
109 978
109 976
109 110
109 111
109 113
109 114
109 558
109 507
110 111
110 113
110 114
110 115
111 113
111 114
111 115
111 116
111 600
112 113
112 114
112 115
112 116
112 117
112 404
112 411
113 356
113 870
113 114
113 115
113 118
114 976
114 869
114 714
114 116
114 117
114 119
114 539
114 720
114 927
115 117
115 118
115 119
115 120
115 383
116 944
116 117
116 120
116 121
116 762
117 714
117 118
117 119
117 121
117 122
117 893
117 158
118 119
118 120
118 121
118 122
118 123
119 449
119 557
119 688
119 984
119 120
119 121
120 673
120 902
120 550
120 424
120 216
120 122
120 123
120 124
121 902
121 205
121 124
121 126
121 767
122 365
122 237
122 184
122 511
122 123
122 124
122 125
122 126
123 128
123 637
123 735
123 124
123 125
123 126
123 127
124 128
124 129
124 699
124 673
124 776
124 318
124 126
124 127
125 128
125 129
125 130
125 909
125 285
125 126
126 128
126 130
126 131
126 613
126 859
126 304
126 323
126 127
127 128
127 132
127 304
127 850
127 857
128 192
128 129
128 131
128 132
128 133
128 975
128 888
129 130
129 131
129 537
129 488
129 683
129 733
129 471
129 633
129 762
130 224
130 131
130 132
130 133
130 134
130 590
130 654
130 988
131 133
131 134
131 135
131 136
131 263
131 748
131 721
131 953
131 922
132 868
132 133
132 134
132 137
132 594
132 312
132 826
132 159
133 134
133 135
133 137
133 138
133 711
133 301
133 633
134 135
134 137
134 138
134 139
134 953
134 964
135 138
135 139
135 140
135 514
135 284
136 870
136 137
136 138
136 139
136 140
136 494
136 309
137 577
137 194
137 138
137 139
137 140
137 142
138 139
138 140
138 141
138 142
138 143
138 303
138 390
139 140
139 141
139 142
139 143
139 566
140 292
140 390
140 998
140 141
140 142
140 143
140 145
140 269
141 419
141 143
141 146
141 648
141 639
142 545
142 993
142 143
142 625
142 146
142 147
142 595
143 364
143 144
143 145
143 146
143 147
143 148
144 800
144 200
144 145
144 148
144 244
145 784
145 743
145 147
145 150
145 319
146 306
146 147
146 148
146 149
146 151
147 643
147 663
147 149
147 150
147 151
147 152
148 967
148 149
148 150
148 151
148 152
148 153
149 530
149 151
149 152
149 153
149 154
150 608
150 151
150 152
150 153
150 154
151 870
151 436
151 242
151 462
151 591
151 376
152 199
152 428
152 976
152 153
152 603
152 156
152 157
153 867
153 493
153 403
153 154
153 667
153 156
153 157
154 349
154 852
154 155
154 156
154 157
154 158
154 159
155 160
155 860
155 156
155 285
155 158
156 928
156 161
156 157
156 158
156 159
157 160
157 161
157 162
157 158
157 159
158 161
158 162
158 751
158 435
158 159
159 161
159 162
159 163
159 493
159 814
160 161
160 162
160 164
160 165
160 436
161 162
161 164
161 837
161 166
161 303
161 933
162 290
162 163
162 164
162 165
162 167
163 355
163 165
163 166
163 167
163 168
163 432
163 667
164 452
164 165
164 167
164 169
164 458
164 749
164 628
164 938
165 166
165 513
165 168
165 972
165 547
165 307
166 353
166 168
166 170
166 171
166 886
166 281
166 798
167 568
167 168
167 170
167 171
167 172
167 743
167 503
167 440
167 612
167 895
168 169
168 170
168 203
168 836
168 667
168 517
169 170
169 172
169 174
169 695
169 379
170 171
170 173
170 174
170 872
170 439
170 601
171 518
171 173
171 174
171 175
171 376
172 205
172 176
172 177
173 417
173 267
173 174
173 175
173 176
173 177
173 178
173 344
173 191
174 512
174 175
174 177
174 179
175 941
175 176
175 177
175 178
175 179
175 180
175 661
175 719
176 243
176 492
176 178
176 179
176 180
176 181
176 873
177 835
177 903
177 178
177 180
178 726
178 179
178 180
178 182
178 183
179 260
179 180
179 181
179 182
179 183
180 901
180 181
180 182
180 183
180 184
180 185
181 504
181 722
181 182
181 183
181 824
181 185
181 442
182 521
182 494
182 246
182 183
182 185
182 186
183 308
183 660
183 968
183 755
183 184
183 185
183 186
183 188
184 709
184 564
184 477
184 246
184 185
184 188
185 730
185 585
185 186
185 188
185 189
185 190
186 599
186 271
186 787
186 188
186 189
186 191
187 228
187 188
187 189
187 190
187 191
188 192
188 500
188 189
188 190
188 191
189 192
189 193
189 194
189 489
189 190
189 191
190 192
190 194
190 195
190 818
190 191
191 192
191 193
191 194
191 966
191 246
192 193
192 195
192 196
192 197
193 194
193 196
193 198
193 421
193 429
193 242
193 596
193 866
194 195
194 199
194 232
194 601
195 196
195 197
195 198
195 199
195 200
195 530
196 198
196 199
196 200
196 720
196 317
196 446
197 645
197 198
197 199
197 200
197 201
197 202
197 776
198 201
198 202
198 203
198 784
199 200
199 201
199 202
199 204
199 752
199 708
200 201
200 202
200 203
200 204
200 205
200 943
201 257
201 746
201 206
201 360
201 438
202 292
202 203
202 204
202 205
202 206
203 739
203 204
203 205
203 206
203 207
203 208
204 205
204 206
204 207
204 208
204 209
204 436
205 417
205 206
205 207
205 208
205 210
205 700
205 556
206 292
206 207
206 401
206 211
206 694
207 208
207 209
207 211
207 212
208 209
208 210
208 211
208 212
208 213
209 868
209 534
209 210
209 211
209 212
210 841
210 338
210 211
210 649
211 354
211 482
211 213
211 214
211 216
211 923
212 213
212 214
212 215
212 216
212 217
213 775
213 981
213 214
213 215
213 217
214 966
214 215
214 216
214 217
214 218
214 219
214 508
215 265
215 912
215 218
215 219
215 925
216 289
216 813
216 217
216 218
216 219
217 745
217 219
217 222
217 341
218 804
218 249
218 219
218 220
218 221
218 222
218 223
219 481
219 995
219 272
219 221
219 222
219 223
220 224
220 225
220 584
220 393
220 823
220 286
220 221
220 222
221 224
221 225
221 596
221 222
221 223
222 224
222 225
222 227
222 626
222 952
223 224
223 226
223 228
223 593
223 817
224 225
224 226
224 323
224 229
224 809
224 313
225 226
225 227
225 228
225 229
225 230
226 867
226 228
226 229
226 231
226 679
226 398
226 630
227 228
227 229
227 325
227 231
227 871
227 901
228 229
228 230
228 231
228 232
228 233
228 607
229 230
229 231
229 233
229 815
229 443
230 231
230 553
230 234
230 235
230 698
231 233
231 234
231 235
231 942
231 946
231 518
231 767
232 875
232 871
232 233
232 234
232 235
232 236
232 237
232 387
233 234
233 236
233 237
233 982
233 676
234 522
234 235
234 238
234 239
234 473
235 801
235 555
235 237
235 238
235 240
235 663
235 861
236 932
236 646
236 237
236 238
236 241
236 981
236 815
237 993
237 711
237 238
237 945
237 242
237 483
237 878
237 872
238 931
238 718
238 240
238 242
238 361
239 546
239 649
239 241
239 438
239 306
239 955
240 389
240 241
240 243
240 244
240 245
241 646
241 876
241 333
241 691
241 244
241 245
241 468
241 853
242 972
242 244
242 245
242 246
242 346
243 523
243 339
243 245
243 247
243 248
244 344
244 245
244 246
244 247
244 248
244 249
245 708
245 433
245 246
245 248
245 249
245 250
245 443
246 838
246 520
246 247
246 248
246 250
246 853
247 390
247 919
247 248
247 250
247 251
247 572
248 711
248 846
248 658
248 253
249 945
249 251
249 252
249 254
250 745
250 458
250 681
250 976
250 281
250 666
250 251
250 255
251 256
251 790
251 379
251 252
251 254
251 255
252 256
252 257
252 834
252 443
252 444
252 254
253 256
253 257
253 258
253 259
253 997
253 418
253 255
254 256
254 257
254 258
254 259
254 668
254 878
254 255
255 256
255 257
255 258
255 259
255 260
255 553
255 544
256 545
256 258
256 259
256 260
256 261
256 331
256 995
257 258
257 259
257 260
257 261
257 262
257 650
258 259
258 261
258 262
258 263
258 385
259 260
259 261
259 262
259 263
259 970
259 636
260 261
260 263
260 264
260 265
260 727
260 635
260 833
261 263
261 264
261 265
261 266
261 440
262 263
262 264
262 265
262 266
262 267
262 466
263 288
263 264
263 265
263 267
263 268
264 265
264 267
264 269
264 634
264 702
264 639
265 267
265 268
265 269
265 849
265 887
266 905
266 268
266 269
266 270
266 432
266 406
267 268
267 269
267 270
267 271
268 486
268 269
268 270
268 271
268 272
268 273
269 779
269 271
269 272
269 273
269 274
269 311
270 807
270 271
270 272
270 274
270 275
270 823
271 272
271 273
271 274
271 276
271 439
272 273
272 274
272 275
272 277
273 275
273 276
273 277
273 314
273 442
274 276
274 821
274 278
274 279
274 367
274 606
275 276
275 277
275 278
275 279
275 280
275 351
276 964
276 372
276 277
276 278
276 280
276 281
276 315
277 278
277 279
277 280
277 281
277 282
278 904
278 279
278 280
278 281
278 283
279 492
279 332
279 281
279 282
279 283
279 797
280 980
280 887
280 281
280 282
280 283
280 284
280 285
280 575
281 283
281 284
281 285
281 286
282 283
282 284
282 285
282 286
282 287
283 288
283 457
283 875
283 461
283 284
283 285
283 286
283 287
284 288
284 289
284 359
284 285
284 286
284 287
285 288
285 289
285 290
285 286
285 831
286 289
286 290
286 633
286 287
287 288
287 289
287 290
287 292
287 374
288 289
288 290
288 291
288 292
288 293
289 290
289 291
289 292
289 293
289 294
290 291
290 293
290 294
290 295
290 677
290 539
291 292
291 294
291 295
291 296
291 752
291 821
291 665
292 294
292 297
292 498
292 756
292 664
293 294
293 297
293 298
293 783
293 689
294 295
294 297
294 299
294 300
294 850
294 755
294 382
294 766
295 648
295 297
295 299
295 300
295 336
296 297
296 298
296 299
296 300
296 595
296 995
296 853
297 299
297 300
297 301
297 302
297 805
298 299
298 300
298 301
298 979
299 300
299 301
299 302
299 303
299 304
300 866
300 358
300 302
300 303
300 304
300 537
300 645
301 303
301 305
301 306
302 304
302 305
302 306
302 307
302 923
303 451
303 304
303 305
303 307
303 308
304 643
304 774
304 487
304 307
304 308
304 309
305 529
305 306
305 307
305 308
305 309
305 310
306 308
306 310
306 311
306 314
307 385
307 308
307 309
307 312
307 863
308 932
308 311
308 312
308 313
309 485
309 310
309 311
309 312
309 313
310 361
310 311
310 312
310 313
310 315
311 679
311 584
311 312
311 313
311 607
311 316
311 863
312 425
312 313
312 314
312 316
312 317
313 975
313 529
313 314
313 315
313 317
313 318
314 399
314 315
314 316
314 317
314 318
314 319
315 320
315 316
315 317
315 318
315 319
316 320
316 321
316 481
316 686
316 317
316 318
317 320
317 322
317 833
317 458
317 738
317 462
317 318
318 320
318 769
318 322
318 323
318 874
318 750
319 321
319 323
319 594
319 499
319 341
320 321
320 322
320 323
320 325
320 898
320 793
321 322
321 323
321 324
321 325
321 375
322 323
322 326
322 327
322 663
322 767
323 928
323 324
323 327
324 326
324 327
324 686
324 431
324 623
325 328
325 329
325 330
325 669
325 712
325 968
325 541
326 739
326 327
326 328
326 329
326 330
326 331
326 557
326 714
327 328
327 329
327 330
327 332
327 823
328 329
328 330
328 331
328 332
328 333
328 824
328 763
328 459
329 330
329 332
329 333
329 850
329 664
330 331
330 332
330 334
330 335
331 450
331 332
331 333
331 334
331 381
332 963
332 711
332 334
332 336
332 337
332 900
332 383
333 387
333 721
333 334
333 335
333 338
333 451
334 335
334 336
334 337
334 338
334 604
335 489
335 338
335 339
335 340
335 989
336 455
336 337
336 338
336 339
336 340
336 341
337 672
337 338
337 339
337 341
337 342
338 340
338 341
338 342
338 343
338 495
338 862
339 461
339 340
339 341
339 343
339 344
339 475
339 693
340 341
340 343
340 344
340 345
341 790
341 780
341 495
341 342
341 343
342 822
342 343
342 344
342 346
342 347
343 745
343 525
343 345
343 346
343 347
343 348
344 611
344 722
344 348
345 720
345 346
345 347
345 349
345 350
346 972
346 347
346 350
346 351
347 352
347 897
347 504
347 348
347 350
348 352
348 353
348 929
348 349
348 350
348 351
349 352
349 353
349 354
349 350
350 353
350 354
350 355
350 895
350 351
351 355
351 356
351 726
352 544
352 354
352 355
352 357
352 780
352 858
353 355
353 356
353 357
353 358
353 940
353 478
354 355
354 356
354 358
354 359
354 563
355 357
355 359
355 674
355 542
356 899
356 708
356 358
356 787
357 358
357 360
357 362
357 633
357 766
358 359
358 360
358 361
358 362
358 363
358 479
359 360
359 361
359 362
359 364
359 470
360 704
360 362
360 363
360 364
360 365
361 362
361 811
361 364
361 365
361 366
361 708
361 669
362 363
362 364
362 365
362 366
362 367
362 570
363 364
363 366
363 368
363 467
363 953
364 571
364 942
364 367
364 368
364 369
364 904
365 891
365 366
365 368
365 369
365 370
365 635
366 368
366 369
366 370
366 371
367 744
367 368
367 369
367 370
367 371
367 372
367 637
368 369
368 370
368 371
368 372
368 373
368 924
369 994
369 370
369 371
369 372
369 373
369 374
369 567
370 514
370 515
370 874
370 371
370 372
370 373
370 374
370 947
371 704
371 929
371 547
371 374
371 376
371 954
372 373
372 375
372 377
372 730
372 575
372 924
372 565
373 548
373 882
373 374
373 375
373 378
374 874
374 853
374 375
374 377
374 378
375 960
375 838
375 376
375 377
375 378
375 380
376 806
376 605
376 377
376 379
376 380
377 662
377 378
377 379
377 380
377 381
377 382
378 965
378 379
378 380
378 381
378 382
378 383
379 384
379 805
379 380
379 381
379 382
380 384
380 385
380 527
380 764
380 382
380 383
381 384
381 385
381 386
381 873
381 382
381 383
382 384
382 386
382 807
382 564
382 383
383 699
383 615
383 782
384 385
384 387
384 388
384 389
384 995
385 386
385 387
385 388
385 389
386 387
386 388
386 389
386 390
386 391
386 981
387 392
387 954
387 764
388 389
388 390
388 391
388 392
388 393
389 390
389 929
389 392
389 393
389 981
389 415
390 640
390 392
390 393
390 690
390 703
391 393
391 908
391 396
391 627
391 692
392 394
392 395
392 396
392 789
392 836
392 959
393 394
393 396
393 397
393 398
393 599
394 877
394 395
394 396
394 397
394 398
394 399
395 428
395 397
395 400
395 435
395 758
395 478
396 416
396 397
396 398
396 401
397 398
397 399
397 400
397 401
397 402
397 447
398 644
398 550
398 625
398 400
398 401
398 403
398 537
399 738
399 400
399 402
399 403
399 626
400 679
400 401
400 402
400 404
400 405
400 615
400 436
401 592
401 741
401 841
401 404
401 405
401 606
402 776
402 403
402 404
402 405
402 406
402 505
402 883
403 813
403 404
403 405
403 406
403 407
404 406
404 407
404 408
405 800
405 790
405 909
405 406
405 408
405 409
406 641
406 942
406 408
406 409
406 411
407 994
407 676
407 408
407 409
407 411
407 797
408 856
408 409
408 410
408 411
408 412
408 413
409 582
409 489
409 842
409 759
409 825
409 952
409 411
409 412
409 413
409 414
410 556
410 429
410 411
410 412
410 413
410 415
411 416
411 697
411 412
411 415
412 417
412 623
412 413
412 414
412 415
413 416
413 417
413 690
413 532
413 693
413 414
413 415
414 416
414 417
414 419
414 415
415 416
415 480
415 685
415 592
415 566
416 417
416 418
416 419
416 420
416 749
416 933
417 419
417 421
417 422
417 508
418 419
418 420
418 421
418 422
419 421
419 422
419 423
419 424
419 713
419 615
420 707
420 421
420 422
420 423
420 424
420 425
420 925
421 422
421 423
421 424
421 425
421 920
422 929
422 423
422 424
422 425
422 427
422 890
423 426
423 427
423 428
423 579
424 426
424 428
424 429
424 916
425 713
425 426
425 427
425 428
425 429
425 430
426 427
426 429
426 430
426 431
426 745
427 428
427 429
427 430
427 431
427 432
428 429
428 431
428 432
428 570
428 796
429 812
429 431
429 433
429 434
429 927
430 834
430 431
430 434
430 435
430 759
431 432
431 433
431 434
431 435
431 436
431 598
432 433
432 434
432 435
432 436
433 778
433 435
433 819
434 874
434 435
434 436
434 437
434 438
434 597
435 930
435 438
435 439
435 440
435 892
436 907
436 440
436 955
436 624
437 438
437 439
437 440
437 441
437 442
437 541
438 578
438 439
438 440
438 443
439 903
439 441
439 442
439 443
440 883
440 694
440 441
440 443
440 444
440 445
441 442
441 443
441 444
441 445
441 446
442 443
442 924
442 445
442 446
442 447
443 444
443 445
443 446
443 447
444 448
444 449
444 540
444 445
444 446
444 447
445 448
445 483
445 848
445 949
445 446
445 447
446 448
446 449
446 450
446 447
447 448
447 449
447 450
447 452
447 685
447 952
448 450
448 451
448 452
448 840
448 938
448 829
448 666
449 450
449 451
449 452
449 454
449 967
449 746
449 706
450 451
450 452
450 455
450 765
450 769
451 614
451 454
451 456
451 596
452 453
452 454
452 455
452 456
452 457
452 537
452 895
453 455
453 456
453 457
453 787
453 534
454 455
454 456
454 457
454 458
454 459
454 601
455 456
455 457
455 460
455 622
456 459
456 460
456 461
456 910
456 784
456 958
457 459
457 461
457 462
457 814
458 459
458 462
458 463
458 499
459 482
459 462
459 463
459 464
459 887
459 731
459 797
460 461
460 462
460 464
460 465
461 462
461 463
461 496
462 463
462 464
462 465
462 466
462 467
462 986
463 464
463 465
463 466
463 595
464 465
464 466
464 467
464 468
464 469
464 851
465 942
465 466
465 468
465 469
465 470
465 724
466 977
466 467
466 468
466 470
467 469
467 470
467 471
467 472
468 677
468 600
468 659
468 469
468 470
468 473
469 900
469 471
469 472
469 473
469 474
470 471
470 473
470 474
470 925
471 941
471 473
471 474
471 476
472 893
472 473
472 474
472 475
472 476
472 477
473 798
473 502
473 474
473 475
473 476
473 477
473 478
474 841
474 778
474 951
474 475
474 892
474 477
474 479
475 480
475 918
475 476
475 477
475 479
476 480
476 481
476 916
476 478
476 479
477 480
477 481
477 482
477 644
477 478
477 479
478 480
478 481
478 482
478 483
478 640
478 542
478 479
479 480
479 482
479 483
479 484
479 526
480 482
480 484
480 485
480 669
480 596
480 829
481 640
481 482
481 483
481 485
481 486
482 483
482 484
482 486
482 672
483 484
483 485
483 486
483 487
483 488
484 486
484 487
484 488
484 844
484 704
485 487
485 488
485 489
485 491
486 488
486 489
486 491
486 808
487 560
487 488
487 489
487 490
487 491
487 492
487 918
488 489
488 490
488 491
488 493
489 609
489 490
489 491
489 492
490 643
490 492
490 493
490 494
490 596
491 535
491 493
491 494
491 495
491 496
491 724
491 599
492 869
492 493
492 496
492 497
493 902
493 497
493 498
493 692
493 601
494 837
494 497
494 499
494 724
495 498
495 500
495 638
496 497
496 498
496 499
496 500
496 501
497 641
497 498
497 499
497 500
497 501
497 502
497 891
498 499
498 500
498 501
498 502
498 830
499 587
499 500
499 501
499 502
499 503
499 504
500 944
500 915
500 781
500 501
500 502
500 503
500 504
500 505
501 800
501 876
501 503
501 505
501 511
502 503
502 505
502 506
502 507
503 504
503 505
503 506
503 507
504 706
504 682
504 951
504 654
504 726
504 506
504 509
504 926
505 700
505 689
505 506
505 507
505 508
506 859
506 507
506 509
506 510
506 511
507 512
507 870
507 718
507 621
507 789
507 509
507 510
508 512
508 513
508 509
508 510
509 512
509 513
509 514
509 571
509 927
509 938
509 510
509 511
510 512
510 513
510 515
510 875
510 726
510 631
510 511
511 513
511 514
511 515
511 617
512 514
512 515
512 516
512 967
512 599
513 515
513 516
513 518
513 839
513 971
514 961
514 516
514 517
514 518
514 519
515 516
515 517
515 518
515 519
515 520
515 585
516 517
516 518
516 519
516 520
516 555
517 518
517 519
517 520
517 521
517 692
518 519
518 520
518 522
518 523
519 520
519 521
519 522
519 523
519 524
520 704
520 521
520 522
520 553
521 937
521 522
521 523
521 524
522 772
522 523
522 524
522 525
522 526
522 527
522 814
523 524
523 525
523 526
523 527
523 917
523 921
524 994
524 845
524 525
524 527
524 528
524 529
524 662
525 526
525 527
525 528
525 530
526 527
526 528
526 529
526 531
526 982
527 688
527 528
527 529
527 530
527 531
527 532
528 529
528 530
528 531
528 532
528 533
528 668
529 530
529 533
529 534
530 532
530 533
530 534
530 535
531 748
531 532
531 533
531 534
531 535
531 536
532 533
532 534
532 535
532 536
533 647
533 969
533 534
533 535
533 536
533 537
534 535
534 536
534 537
534 538
534 539
535 537
535 538
535 539
535 540
536 692
536 537
536 538
536 540
536 541
537 538
537 541
538 778
538 883
538 539
538 540
538 541
538 542
538 543
539 541
539 542
539 543
540 545
540 646
540 906
540 926
540 542
541 546
541 970
541 683
541 543
542 544
542 546
542 891
542 543
543 544
543 545
543 546
543 547
543 963
543 758
544 545
544 546
544 547
544 548
545 546
545 547
545 548
545 549
545 550
546 930
546 547
546 548
546 549
546 550
546 551
546 990
546 889
547 548
547 549
547 550
548 549
548 550
548 551
548 552
548 553
548 876
549 550
549 551
549 552
549 553
549 554
550 551
550 553
550 554
550 555
550 655
551 552
551 554
551 555
551 556
551 688
551 567
552 553
552 554
552 555
552 556
552 557
553 555
553 556
553 557
553 558
553 881
554 555
554 556
554 557
554 558
554 559
555 705
555 556
555 557
555 559
555 560
556 557
556 559
556 560
557 877
557 558
557 559
557 560
557 561
557 988
558 559
558 561
558 562
558 862
559 880
559 560
559 561
559 563
559 564
560 838
560 562
560 563
560 564
561 562
561 563
561 564
561 565
561 566
562 836
562 630
562 563
562 564
562 565
562 566
563 565
563 566
563 568
563 634
563 702
564 565
564 566
564 567
564 568
565 566
565 567
565 568
565 569
565 570
566 899
566 567
566 569
566 570
566 571
567 568
567 570
567 571
568 698
568 569
568 570
568 573
569 570
569 571
569 572
569 573
569 574
570 992
570 644
570 855
570 943
570 575
571 576
571 858
571 572
571 575
572 576
572 577
572 573
572 574
572 575
573 576
573 577
573 578
573 889
573 574
573 575
574 576
574 579
574 902
574 589
574 829
574 627
574 725
575 577
575 580
575 899
575 723
576 578
576 579
576 580
576 581
576 747
577 578
577 579
577 582
577 999
577 585
577 853
577 856
578 579
578 580
578 581
578 582
578 583
579 580
579 581
579 582
579 583
579 584
580 581
580 582
580 583
580 584
580 585
581 582
581 583
581 584
581 585
581 586
582 583
582 585
582 587
582 592
582 634
583 584
583 585
583 586
583 587
583 676
584 609
584 587
584 588
584 589
585 586
585 587
585 588
585 590
586 936
586 587
586 588
586 589
586 590
586 591
587 588
587 589
587 590
587 591
588 590
588 591
588 592
588 593
588 968
589 590
589 591
589 592
589 593
589 594
589 618
590 591
590 594
590 595
590 719
590 799
591 592
591 593
591 594
591 595
591 733
592 593
592 594
592 595
592 596
592 597
592 699
593 594
593 595
593 596
593 597
593 598
593 911
594 677
594 822
594 596
594 598
594 599
595 803
595 600
595 634
596 597
596 598
596 600
596 601
597 598
597 599
597 600
597 602
598 758
598 599
598 601
598 603
598 990
599 612
599 600
599 601
599 602
599 603
599 604
600 892
600 601
600 602
600 604
601 684
601 602
601 603
601 606
602 683
602 603
602 605
602 606
602 607
603 778
603 825
603 604
603 607
604 706
604 752
604 659
604 638
604 605
604 606
605 608
605 609
605 610
605 606
606 609
606 610
606 822
607 609
607 610
607 611
607 885
608 609
608 610
608 612
608 946
608 676
609 673
609 610
609 611
609 750
609 946
610 611
610 958
610 773
610 614
610 615
610 894
610 791
611 613
611 614
611 615
611 616
612 617
612 909
612 943
612 734
613 615
613 616
613 618
613 700
613 842
614 616
614 617
614 686
614 820
614 958
615 617
615 618
615 620
616 617
616 618
616 619
616 620
616 849
616 892
617 618
617 619
617 620
617 621
617 622
618 705
618 621
618 622
618 638
619 620
619 622
619 623
619 624
619 658
619 632
620 622
620 623
620 624
620 625
620 762
620 817
621 839
621 622
621 623
621 624
621 625
621 895
622 623
622 626
622 627
622 940
623 966
623 624
623 627
623 628
623 820
624 625
624 626
624 627
624 629
625 627
625 628
625 629
626 627
626 628
626 630
626 631
627 837
627 629
627 630
627 632
628 630
628 631
628 632
628 633
629 933
629 689
629 971
629 782
629 630
629 631
629 632
630 657
630 632
630 633
630 634
630 635
631 679
631 632
631 634
631 635
631 636
631 861
632 966
632 883
632 686
632 760
632 635
632 636
632 637
633 843
633 634
633 635
633 636
633 637
634 910
634 760
634 635
634 636
634 637
634 639
635 640
635 848
635 639
636 640
636 641
636 862
636 637
636 638
637 641
637 642
637 935
637 820
637 790
638 640
638 641
638 755
638 894
638 639
639 640
639 642
639 643
639 644
640 641
640 643
640 859
641 642
641 643
642 644
642 645
642 646
642 647
642 882
642 950
643 644
643 645
643 647
643 648
643 826
644 646
644 647
644 649
644 812
645 647
645 648
645 649
646 647
646 648
646 649
646 650
647 648
647 649
647 968
647 982
648 649
648 651
648 652
648 653
649 650
649 651
649 653
649 654
649 893
650 967
650 651
650 652
650 653
650 655
650 777
651 652
651 653
651 654
651 655
651 917
652 653
652 654
652 655
652 656
652 657
653 654
653 655
653 656
653 657
653 658
654 655
654 656
654 745
654 824
654 766
655 656
655 657
655 658
655 659
655 660
656 657
656 658
656 659
656 660
656 661
657 659
657 660
657 661
657 662
658 715
658 878
658 659
658 660
658 661
658 663
659 660
659 661
659 662
659 664
659 719
660 661
660 662
660 664
660 665
660 922
661 662
661 663
661 664
661 665
662 718
662 687
662 663
662 664
662 666
663 664
663 665
663 698
663 667
663 668
664 665
664 666
664 668
664 669
664 926
665 668
665 669
665 670
666 667
666 668
666 669
666 670
666 671
667 674
667 774
667 850
667 670
667 671
668 673
668 681
668 671
669 672
669 673
669 674
670 672
670 674
670 675
670 671
671 672
671 673
671 675
671 676
671 859
672 674
672 675
672 676
672 677
672 753
673 676
673 678
673 909
674 675
674 676
674 677
674 678
674 679
675 677
675 678
675 679
675 680
675 839
675 941
675 955
676 677
676 678
676 679
676 681
677 678
677 679
678 679
678 680
678 681
678 682
678 683
679 680
679 682
680 768
680 681
680 683
680 684
680 685
681 682
681 683
681 684
681 685
682 683
682 684
682 685
682 686
683 684
683 685
683 686
683 687
683 688
684 685
684 686
684 687
684 688
684 950
684 793
685 705
685 867
685 997
685 686
685 689
685 917
686 687
686 688
686 689
686 691
686 952
687 742
687 688
687 689
687 692
688 691
688 692
688 693
689 691
689 694
689 983
690 876
690 692
690 694
690 859
691 960
691 692
691 693
691 695
691 696
691 721
691 922
692 693
692 694
692 697
693 694
693 695
693 697
693 698
693 842
694 696
694 697
694 698
694 699
695 851
695 764
695 934
695 696
695 698
696 697
696 698
696 699
696 828
696 701
697 706
697 943
697 783
697 825
697 698
697 700
697 701
697 702
698 699
698 700
698 702
699 714
699 700
699 701
699 702
700 705
700 720
700 728
700 733
700 703
701 704
701 705
701 706
701 802
701 702
701 703
702 705
702 706
702 707
702 745
702 954
702 991
703 704
703 705
703 706
703 707
703 708
704 705
704 706
704 707
704 708
704 709
705 708
705 761
706 709
706 710
706 711
706 914
707 708
707 709
707 710
707 712
708 712
708 944
709 711
709 712
709 713
709 714
710 711
710 712
710 713
710 714
710 715
711 712
711 713
711 715
711 716
712 713
712 715
712 716
712 717
712 889
713 714
713 715
713 718
714 715
714 718
714 813
715 716
715 717
715 718
715 719
715 720
716 717
716 718
716 719
716 720
716 721
716 815
717 961
717 771
717 718
717 719
717 720
717 721
717 722
718 719
718 721
718 723
719 993
719 720
719 884
720 721
720 722
720 723
720 725
721 722
721 725
721 726
722 835
722 723
722 724
722 725
722 726
722 727
722 985
723 724
723 725
723 727
723 728
724 726
724 727
724 729
725 726
725 728
725 729
725 730
726 836
726 727
726 728
726 731
727 728
727 729
727 730
727 732
728 729
728 730
728 731
729 880
729 730
729 731
729 732
729 733
729 734
730 737
730 731
730 734
730 735
731 736
731 732
731 734
731 735
732 736
732 737
732 733
732 734
732 735
733 736
733 738
733 872
733 734
734 736
734 738
734 739
734 735
735 736
735 737
735 739
735 800
736 737
736 738
736 739
736 740
736 741
736 868
737 738
737 740
737 742
737 925
738 739
738 742
738 743
738 843
738 993
739 740
739 741
739 744
739 979
740 741
740 742
740 743
740 744
740 856
740 926
741 744
741 745
741 746
741 939
741 855
741 826
742 743
742 744
742 745
742 746
742 747
743 744
743 745
743 747
743 930
744 746
744 748
744 749
744 855
745 748
745 749
745 956
746 747
746 748
746 749
746 751
747 749
747 750
747 751
747 752
747 987
748 749
748 751
748 753
749 750
749 751
749 753
749 754
749 915
750 751
750 752
750 753
750 754
750 755
751 965
751 752
751 753
751 754
752 753
752 754
753 754
753 755
753 756
753 757
753 758
754 835
754 755
754 758
754 759
754 947
755 938
755 756
755 759
755 760
755 884
756 758
756 759
756 760
756 761
756 989
757 804
757 758
757 759
757 760
757 761
757 762
758 814
758 760
758 762
758 763
759 909
759 760
759 761
759 762
759 763
760 761
760 762
760 763
761 762
761 763
761 764
761 765
761 766
762 764
762 765
762 766
762 767
763 768
763 765
763 766
763 767
764 768
764 990
764 766
764 767
765 768
765 925
765 766
765 767
766 770
766 771
767 769
767 770
767 771
767 772
767 865
768 769
768 770
768 771
768 772
768 773
768 778
769 770
769 771
769 772
769 773
769 774
770 771
770 772
770 773
770 774
770 775
771 772
771 773
771 774
771 775
772 773
772 774
772 775
772 777
772 785
773 774
773 776
773 777
773 778
773 854
773 921
774 775
774 776
774 778
774 891
775 777
775 779
775 780
775 810
776 780
776 781
776 957
777 778
777 779
777 782
777 824
778 979
779 782
779 783
779 829
779 799
780 782
780 783
780 784
780 859
781 782
781 783
781 784
781 786
781 855
781 827
782 995
782 784
782 787
782 950
783 786
783 787
783 788
784 930
784 785
784 787
784 788
784 789
785 786
785 787
785 788
785 790
786 787
786 788
786 789
786 790
786 791
787 976
787 788
787 789
787 791
787 792
788 789
788 790
788 791
788 792
788 793
789 790
789 791
789 792
789 793
789 794
790 791
790 792
790 793
790 795
791 792
791 794
791 795
791 796
792 886
792 793
792 795
792 796
792 797
793 794
793 797
793 798
793 981
794 795
794 796
794 797
794 798
794 799
795 800
795 796
795 797
795 798
795 799
796 800
796 801
796 797
796 799
797 800
797 801
797 802
797 840
797 798
797 799
798 800
798 803
798 918
799 802
799 803
799 819
800 801
800 804
800 805
800 842
801 802
801 803
801 805
801 806
801 821
802 803
802 805
802 806
802 807
802 988
803 804
803 805
803 806
803 807
803 808
804 806
804 808
804 809
805 806
805 808
805 809
805 810
805 956
806 807
806 808
806 810
806 811
806 848
807 808
807 809
807 810
807 812
808 809
808 810
808 812
808 813
808 944
809 810
809 811
809 812
809 813
809 814
809 973
810 812
810 813
810 814
810 815
811 834
811 812
811 813
811 816
812 813
812 815
812 816
813 815
813 817
813 818
813 872
814 815
814 816
815 909
815 816
815 820
816 818
816 819
816 821
816 831
817 818
817 819
817 820
817 822
818 821
818 822
818 823
819 820
819 821
819 822
819 824
820 821
820 823
820 824
821 823
821 824
821 826
822 824
822 825
822 827
823 826
823 827
823 828
824 826
824 829
825 826
825 827
825 829
826 828
826 829
826 830
826 831
827 832
827 921
827 881
827 829
828 832
828 833
828 937
828 830
828 831
829 897
829 830
830 832
830 833
830 834
830 835
830 965
831 832
831 833
831 834
831 835
831 836
832 833
832 834
832 835
832 836
832 837
833 834
833 836
833 837
833 838
834 836
834 837
834 839
834 903
835 837
835 838
835 839
835 840
835 998
836 840
836 841
837 840
837 841
837 852
838 903
838 840
838 841
838 843
838 877
839 840
839 841
839 842
840 841
840 842
840 843
840 845
841 842
841 843
841 845
842 843
842 847
843 845
843 846
843 847
844 845
844 846
844 847
844 848
844 849
845 846
845 848
845 849
845 850
846 847
846 848
846 849
846 850
846 851
847 848
847 849
847 850
847 851
847 852
848 939
848 851
848 852
848 853
849 851
849 852
849 853
850 852
850 853
850 854
850 855
851 852
851 856
851 956
852 853
852 854
852 857
853 858
854 855
854 856
854 857
854 858
854 859
855 856
855 857
856 865
856 887
856 858
856 859
856 861
857 858
857 859
857 861
857 862
858 859
858 860
858 862
858 863
859 865
859 860
859 861
859 862
859 863
860 864
860 865
860 862
860 863
861 865
861 933
861 862
862 864
862 865
862 866
862 909
862 863
863 864
863 866
863 980
864 865
864 866
864 867
864 868
864 869
864 946
864 948
865 866
865 870
866 867
866 868
866 871
866 936
867 869
867 871
867 872
868 870
868 872
868 873
869 870
869 871
869 873
869 874
870 872
870 873
870 875
871 873
871 874
871 875
871 957
872 875
872 877
873 875
873 877
873 895
874 875
874 876
874 879
875 876
875 877
875 878
875 979
876 878
876 879
876 880
877 878
877 881
877 882
877 895
878 879
878 880
878 883
879 880
879 881
879 882
879 883
879 884
880 881
880 882
880 884
880 885
881 965
881 883
881 884
881 886
882 883
882 884
882 885
882 886
882 887
883 885
883 886
884 885
884 886
884 887
884 889
885 886
885 888
885 889
885 890
886 889
886 890
886 891
887 890
887 891
888 937
888 890
888 891
888 892
888 893
889 891
889 892
889 893
890 891
890 892
890 893
890 894
890 895
891 896
891 892
891 894
892 896
892 893
892 894
892 895
893 896
893 894
894 896
894 898
894 895
895 961
895 899
895 900
896 897
896 898
896 899
896 900
896 901
897 898
897 899
897 900
897 901
897 902
898 900
898 901
898 902
898 971
899 902
899 903
899 904
899 951
900 901
900 902
900 903
900 905
901 903
902 905
902 906
902 907
902 926
903 907
903 908
903 955
904 906
904 907
904 908
904 909
905 906
905 907
905 908
905 909
905 910
906 907
906 908
906 909
906 910
906 911
907 908
907 909
907 910
907 911
907 912
908 909
908 910
908 911
908 912
908 913
909 973
909 911
909 914
910 911
910 912
910 915
911 913
911 914
911 915
912 913
912 914
912 915
912 916
912 917
912 987
913 914
913 915
913 916
913 917
913 918
914 915
914 917
914 918
915 916
915 918
915 919
916 917
916 920
916 921
917 918
917 919
917 921
917 948
918 921
918 922
918 923
919 920
919 921
919 922
919 923
920 921
920 922
920 923
920 924
920 925
921 922
921 923
921 925
921 926
922 923
922 926
922 927
923 928
923 925
923 926
923 927
924 928
924 926
924 927
925 929
925 926
925 927
926 928
926 929
926 930
927 930
927 931
928 929
928 930
928 931
928 932
928 933
929 932
929 933
929 934
930 931
930 932
930 933
931 932
931 933
931 935
931 936
932 933
932 934
932 935
932 936
933 934
933 937
933 938
934 935
934 936
934 937
934 938
934 939
935 936
935 937
935 939
935 940
936 972
936 939
936 940
936 941
937 940
937 941
937 942
938 941
939 940
939 941
939 942
939 943
939 944
940 962
940 941
940 944
940 945
941 944
941 945
941 946
942 943
942 944
942 945
942 946
943 945
943 946
943 948
944 965
944 945
944 946
944 947
945 946
945 947
945 948
945 950
946 948
946 950
946 951
947 949
947 950
947 951
947 952
948 949
948 952
948 953
949 950
949 951
949 952
949 953
950 953
951 952
951 955
952 955
952 956
953 954
953 955
953 957
953 958
954 955
954 956
954 957
954 958
954 959
955 960
955 988
955 956
955 958
956 960
956 961
956 957
956 958
956 959
957 960
957 961
957 962
957 958
958 960
958 961
958 962
958 959
959 960
959 961
959 962
959 963
959 964
960 961
960 962
960 963
960 965
961 962
961 963
962 963
962 964
962 965
962 966
962 967
963 965
963 966
963 968
964 966
964 968
964 969
965 968
965 969
966 967
966 971
967 968
967 971
967 972
968 969
968 973
969 970
969 971
969 973
969 974
970 971
970 972
970 973
970 974
970 975
971 972
971 973
971 974
971 975
972 995
972 974
972 975
972 977
973 975
973 976
973 977
974 975
974 976
974 977
974 978
974 979
975 976
975 977
975 979
975 980
976 979
976 981
977 979
977 980
977 981
977 982
978 979
978 980
978 981
978 983
979 981
979 983
979 984
980 981
980 983
980 984
980 985
981 982
981 983
981 985
982 983
982 984
982 985
982 987
983 984
983 985
983 986
983 988
984 986
984 988
984 989
985 992
985 987
985 988
985 990
986 988
986 989
986 990
986 991
987 992
987 988
987 989
987 990
988 992
988 991
989 992
989 994
989 991
990 993
990 994
990 991
991 992
991 993
991 995
991 996
992 993
992 995
992 996
992 997
993 995
993 996
993 997
994 995
994 996
994 997
995 997
995 998
996 997
996 998
996 999
997 998
997 999
