100
www05 0.685714 0.898413 0.003143
www05 0.561458 0.634204 0.005860
www05 0.524000 0.579068 0.005819
www05 0.550800 0.848657 0.002341
www05 0.460000 0.531677 0.002142
200
www05 0.740000 0.929808 0.003036
www05 0.659375 0.726213 0.005321
www05 0.612000 0.665461 0.005262
www05 0.644400 0.901274 0.001880
www05 0.631020 0.692338 0.001417
300
www05 0.773878 0.944348 0.002758
www05 0.701875 0.767019 0.004933
www05 0.653053 0.714587 0.005172
www05 0.691000 0.922251 0.001571
www05 0.671837 0.729273 0.001490
400
www05 0.792245 0.951265 0.002605
www05 0.740625 0.800701 0.004258
www05 0.680842 0.737787 0.004584
www05 0.717000 0.933811 0.001498
www05 0.699388 0.758792 0.001463
500
www05 0.816327 0.958530 0.002079
www05 0.755833 0.819202 0.004144
www05 0.708421 0.763781 0.004123
www05 0.734600 0.942769 0.001426
www05 0.715102 0.779007 0.001411
600
www05 0.820816 0.960597 0.001915
www05 0.767917 0.829060 0.004235
www05 0.708000 0.764281 0.004403
www05 0.754600 0.948428 0.001274
www05 0.725102 0.797907 0.001470
700
www05 0.837551 0.964165 0.002352
www05 0.774167 0.836744 0.003920
www05 0.731789 0.787707 0.004164
www05 0.769000 0.953792 0.001190
www05 0.729592 0.802045 0.001544
800
www05 0.844082 0.967177 0.001882
www05 0.792083 0.853037 0.003659
www05 0.739789 0.793883 0.004163
www05 0.779400 0.956513 0.001007
www05 0.734082 0.808342 0.001552
900
www05 0.852245 0.968438 0.002007
www05 0.800625 0.860342 0.003663
www05 0.744632 0.798110 0.003996
www05 0.790400 0.960013 0.001133
www05 0.744286 0.822787 0.001483
1000
www05 0.855306 0.969723 0.001829
www05 0.807292 0.864861 0.003443
www05 0.759158 0.812216 0.003831
www05 0.790000 0.960486 0.001154
www05 0.751224 0.827159 0.001408
1100
www05 0.864082 0.971298 0.001709
www05 0.812917 0.870997 0.003266
www05 0.762316 0.817321 0.003830
www05 0.797200 0.962430 0.001176
www05 0.764082 0.840497 0.001383
1200
www05 0.875510 0.974434 0.001654
www05 0.821042 0.878932 0.003101
www05 0.765474 0.817381 0.003845
www05 0.806000 0.964474 0.000941
www05 0.761020 0.839172 0.001502
